stock_id,stock_name,date,buy,name,sell
2323,中環,2012-05-02,0.0,Dealer,0.0
2323,中環,2012-05-02,1577000.0,Foreign_Investor,238000.0
2323,中環,2012-05-02,24000.0,Investment_Trust,0.0
2323,中環,2012-05-03,0.0,Dealer,0.0
2323,中環,2012-05-03,312000.0,Foreign_Investor,62000.0
2323,中環,2012-05-03,104605.0,Investment_Trust,0.0
2323,中環,2012-05-04,0.0,Dealer,0.0
2323,中環,2012-05-04,570000.0,Foreign_Investor,8000.0
2323,中環,2012-05-04,0.0,Investment_Trust,2000.0
2323,中環,2012-05-07,0.0,Dealer,0.0
2323,中環,2012-05-07,188000.0,Foreign_Investor,487000.0
2323,中環,2012-05-07,0.0,Investment_Trust,0.0
2323,中環,2012-05-08,0.0,Dealer,199.0
2323,中環,2012-05-08,476000.0,Foreign_Investor,133000.0
2323,中環,2012-05-08,0.0,Investment_Trust,600000.0
2323,中環,2012-05-09,0.0,Dealer,0.0
2323,中環,2012-05-09,1035000.0,Foreign_Investor,541000.0
2323,中環,2012-05-09,0.0,Investment_Trust,1200000.0
2323,中環,2012-05-10,0.0,Dealer,11000.0
2323,中環,2012-05-10,428695.0,Foreign_Investor,248000.0
2323,中環,2012-05-10,0.0,Investment_Trust,0.0
2323,中環,2012-05-11,1000.0,Dealer,2000.0
2323,中環,2012-05-11,68908.0,Foreign_Investor,520000.0
2323,中環,2012-05-11,1822000.0,Investment_Trust,0.0
2323,中環,2012-05-14,36000.0,Dealer,17000.0
2323,中環,2012-05-14,358000.0,Foreign_Investor,1238000.0
2323,中環,2012-05-14,0.0,Investment_Trust,0.0
2323,中環,2012-05-15,0.0,Dealer,24000.0
2323,中環,2012-05-15,576000.0,Foreign_Investor,161000.0
2323,中環,2012-05-15,18000.0,Investment_Trust,1396000.0
2323,中環,2012-05-16,0.0,Dealer,5000.0
2323,中環,2012-05-16,772000.0,Foreign_Investor,962000.0
2323,中環,2012-05-16,0.0,Investment_Trust,1417000.0
2323,中環,2012-05-17,0.0,Dealer,29000.0
2323,中環,2012-05-17,1882000.0,Foreign_Investor,187000.0
2323,中環,2012-05-17,0.0,Investment_Trust,0.0
2323,中環,2012-05-18,0.0,Dealer,6000.0
2323,中環,2012-05-18,1214000.0,Foreign_Investor,1210000.0
2323,中環,2012-05-18,0.0,Investment_Trust,0.0
2323,中環,2012-05-21,0.0,Dealer,0.0
2323,中環,2012-05-21,259000.0,Foreign_Investor,52054.0
2323,中環,2012-05-21,0.0,Investment_Trust,0.0
2323,中環,2012-05-22,1000.0,Dealer,16000.0
2323,中環,2012-05-22,279000.0,Foreign_Investor,568000.0
2323,中環,2012-05-22,0.0,Investment_Trust,1801000.0
2323,中環,2012-05-23,0.0,Dealer,2000.0
2323,中環,2012-05-23,324000.0,Foreign_Investor,518000.0
2323,中環,2012-05-23,0.0,Investment_Trust,8000.0
2323,中環,2012-05-24,2000.0,Dealer,16000.0
2323,中環,2012-05-24,594000.0,Foreign_Investor,440000.0
2323,中環,2012-05-24,0.0,Investment_Trust,0.0
2323,中環,2012-05-25,0.0,Dealer,0.0
2323,中環,2012-05-25,1183000.0,Foreign_Investor,287000.0
2323,中環,2012-05-25,0.0,Investment_Trust,2532000.0
2323,中環,2012-05-28,0.0,Dealer,0.0
2323,中環,2012-05-28,511000.0,Foreign_Investor,31000.0
2323,中環,2012-05-28,0.0,Investment_Trust,1811802.0
2323,中環,2012-05-29,0.0,Dealer,4000.0
2323,中環,2012-05-29,320000.0,Foreign_Investor,178000.0
2323,中環,2012-05-29,3000.0,Investment_Trust,1800000.0
2323,中環,2012-05-30,0.0,Dealer,1000.0
2323,中環,2012-05-30,38000.0,Foreign_Investor,621000.0
2323,中環,2012-05-30,0.0,Investment_Trust,74138.0
2323,中環,2012-05-31,0.0,Dealer,17000.0
2323,中環,2012-05-31,984000.0,Foreign_Investor,925000.0
2323,中環,2012-05-31,0.0,Investment_Trust,1360000.0
2323,中環,2012-06-01,0.0,Dealer,2000.0
2323,中環,2012-06-01,36000.0,Foreign_Investor,693584.0
2323,中環,2012-06-01,0.0,Investment_Trust,0.0
2323,中環,2012-06-04,3000.0,Dealer,0.0
2323,中環,2012-06-04,501000.0,Foreign_Investor,327000.0
2323,中環,2012-06-04,10000.0,Investment_Trust,0.0
2323,中環,2012-06-05,0.0,Dealer,6000.0
2323,中環,2012-06-05,100000.0,Foreign_Investor,474000.0
2323,中環,2012-06-05,7000.0,Investment_Trust,0.0
2323,中環,2012-06-06,0.0,Dealer,3000.0
2323,中環,2012-06-06,705000.0,Foreign_Investor,606000.0
2323,中環,2012-06-06,0.0,Investment_Trust,0.0
2323,中環,2012-06-07,0.0,Dealer,2000.0
2323,中環,2012-06-07,186443.0,Foreign_Investor,275000.0
2323,中環,2012-06-07,0.0,Investment_Trust,0.0
2323,中環,2012-06-08,0.0,Dealer,6243.0
2323,中環,2012-06-08,176809.0,Foreign_Investor,116000.0
2323,中環,2012-06-08,0.0,Investment_Trust,0.0
2323,中環,2012-06-11,2000.0,Dealer,0.0
2323,中環,2012-06-11,820858.0,Foreign_Investor,609000.0
2323,中環,2012-06-11,0.0,Investment_Trust,0.0
2323,中環,2012-06-12,0.0,Dealer,2000.0
2323,中環,2012-06-12,271000.0,Foreign_Investor,288000.0
2323,中環,2012-06-12,0.0,Investment_Trust,0.0
2323,中環,2012-06-13,0.0,Dealer,1000.0
2323,中環,2012-06-13,673678.0,Foreign_Investor,191000.0
2323,中環,2012-06-13,0.0,Investment_Trust,10000.0
2323,中環,2012-06-14,0.0,Dealer,0.0
2323,中環,2012-06-14,1423338.0,Foreign_Investor,72353.0
2323,中環,2012-06-14,0.0,Investment_Trust,7000.0
2323,中環,2012-06-15,0.0,Dealer,0.0
2323,中環,2012-06-15,2099141.0,Foreign_Investor,1050000.0
2323,中環,2012-06-15,0.0,Investment_Trust,0.0
2323,中環,2012-06-18,9000.0,Dealer,0.0
2323,中環,2012-06-18,252444.0,Foreign_Investor,375000.0
2323,中環,2012-06-18,500000.0,Investment_Trust,0.0
2323,中環,2012-06-19,12000.0,Dealer,0.0
2323,中環,2012-06-19,132558.0,Foreign_Investor,215000.0
2323,中環,2012-06-19,0.0,Investment_Trust,0.0
2323,中環,2012-06-20,24000.0,Dealer,0.0
2323,中環,2012-06-20,69142.0,Foreign_Investor,277000.0
2323,中環,2012-06-20,0.0,Investment_Trust,0.0
2323,中環,2012-06-21,0.0,Dealer,0.0
2323,中環,2012-06-21,59089.0,Foreign_Investor,291000.0
2323,中環,2012-06-21,0.0,Investment_Trust,0.0
2323,中環,2012-06-22,0.0,Dealer,31000.0
2323,中環,2012-06-22,835880.0,Foreign_Investor,239000.0
2323,中環,2012-06-22,0.0,Investment_Trust,0.0
2323,中環,2012-06-25,0.0,Dealer,28000.0
2323,中環,2012-06-25,1309000.0,Foreign_Investor,121000.0
2323,中環,2012-06-25,0.0,Investment_Trust,0.0
2323,中環,2012-06-26,0.0,Dealer,0.0
2323,中環,2012-06-26,719000.0,Foreign_Investor,589000.0
2323,中環,2012-06-26,0.0,Investment_Trust,88959.0
2323,中環,2012-06-27,0.0,Dealer,0.0
2323,中環,2012-06-27,704000.0,Foreign_Investor,223000.0
2323,中環,2012-06-27,0.0,Investment_Trust,0.0
2323,中環,2012-06-28,0.0,Dealer,3000.0
2323,中環,2012-06-28,1441991.0,Foreign_Investor,93000.0
2323,中環,2012-06-28,0.0,Investment_Trust,9000.0
2323,中環,2012-06-29,0.0,Dealer,9000.0
2323,中環,2012-06-29,1612991.0,Foreign_Investor,135310.0
2323,中環,2012-06-29,0.0,Investment_Trust,0.0
2323,中環,2012-07-02,0.0,Dealer,11000.0
2323,中環,2012-07-02,327000.0,Foreign_Investor,198000.0
2323,中環,2012-07-02,0.0,Investment_Trust,4000.0
2323,中環,2012-07-03,4000.0,Dealer,0.0
2323,中環,2012-07-03,136000.0,Foreign_Investor,40000.0
2323,中環,2012-07-03,5000.0,Investment_Trust,0.0
2323,中環,2012-07-04,0.0,Dealer,3000.0
2323,中環,2012-07-04,836468.0,Foreign_Investor,13000.0
2323,中環,2012-07-04,0.0,Investment_Trust,0.0
2323,中環,2012-07-05,3000.0,Dealer,0.0
2323,中環,2012-07-05,891000.0,Foreign_Investor,179000.0
2323,中環,2012-07-05,0.0,Investment_Trust,0.0
2323,中環,2012-07-06,61000.0,Dealer,4000.0
2323,中環,2012-07-06,39000.0,Foreign_Investor,301000.0
2323,中環,2012-07-06,0.0,Investment_Trust,0.0
2323,中環,2012-07-09,12000.0,Dealer,9000.0
2323,中環,2012-07-09,716000.0,Foreign_Investor,0.0
2323,中環,2012-07-09,0.0,Investment_Trust,0.0
2323,中環,2012-07-10,26000.0,Dealer,0.0
2323,中環,2012-07-10,899000.0,Foreign_Investor,87000.0
2323,中環,2012-07-10,0.0,Investment_Trust,0.0
2323,中環,2012-07-11,14000.0,Dealer,0.0
2323,中環,2012-07-11,676000.0,Foreign_Investor,111000.0
2323,中環,2012-07-11,0.0,Investment_Trust,0.0
2323,中環,2012-07-12,0.0,Dealer,37000.0
2323,中環,2012-07-12,26000.0,Foreign_Investor,277000.0
2323,中環,2012-07-12,0.0,Investment_Trust,0.0
2323,中環,2012-07-13,25000.0,Dealer,3000.0
2323,中環,2012-07-13,168176.0,Foreign_Investor,182978.0
2323,中環,2012-07-13,0.0,Investment_Trust,0.0
2323,中環,2012-07-16,0.0,Dealer,2000.0
2323,中環,2012-07-16,329000.0,Foreign_Investor,327000.0
2323,中環,2012-07-16,0.0,Investment_Trust,0.0
2323,中環,2012-07-17,1000.0,Dealer,10000.0
2323,中環,2012-07-17,357000.0,Foreign_Investor,1909000.0
2323,中環,2012-07-17,0.0,Investment_Trust,128000.0
2323,中環,2012-07-18,0.0,Dealer,15000.0
2323,中環,2012-07-18,848000.0,Foreign_Investor,252000.0
2323,中環,2012-07-18,0.0,Investment_Trust,0.0
2323,中環,2012-07-19,8000.0,Dealer,5000.0
2323,中環,2012-07-19,592000.0,Foreign_Investor,153000.0
2323,中環,2012-07-19,0.0,Investment_Trust,0.0
2323,中環,2012-07-20,47000.0,Dealer,0.0
2323,中環,2012-07-20,125000.0,Foreign_Investor,69000.0
2323,中環,2012-07-20,0.0,Investment_Trust,0.0
2323,中環,2012-07-23,0.0,Dealer,51000.0
2323,中環,2012-07-23,751000.0,Foreign_Investor,2014000.0
2323,中環,2012-07-23,0.0,Investment_Trust,0.0
2323,中環,2012-07-24,0.0,Dealer,0.0
2323,中環,2012-07-24,425000.0,Foreign_Investor,961000.0
2323,中環,2012-07-24,0.0,Investment_Trust,0.0
2323,中環,2012-07-25,0.0,Dealer,0.0
2323,中環,2012-07-25,599000.0,Foreign_Investor,2381000.0
2323,中環,2012-07-25,0.0,Investment_Trust,0.0
2323,中環,2012-07-26,0.0,Dealer,10000.0
2323,中環,2012-07-26,682000.0,Foreign_Investor,466465.0
2323,中環,2012-07-26,0.0,Investment_Trust,0.0
2323,中環,2012-07-27,30000.0,Dealer,0.0
2323,中環,2012-07-27,849000.0,Foreign_Investor,56000.0
2323,中環,2012-07-27,0.0,Investment_Trust,0.0
2323,中環,2012-07-30,6000.0,Dealer,1000.0
2323,中環,2012-07-30,79000.0,Foreign_Investor,99000.0
2323,中環,2012-07-30,0.0,Investment_Trust,0.0
2323,中環,2012-07-31,37000.0,Dealer,2000.0
2323,中環,2012-07-31,609000.0,Foreign_Investor,2298689.0
2323,中環,2012-07-31,0.0,Investment_Trust,0.0
2323,中環,2012-08-01,0.0,Dealer,11000.0
2323,中環,2012-08-01,701000.0,Foreign_Investor,13000.0
2323,中環,2012-08-01,0.0,Investment_Trust,0.0
2323,中環,2012-08-03,3000.0,Dealer,2000.0
2323,中環,2012-08-03,793000.0,Foreign_Investor,421000.0
2323,中環,2012-08-03,0.0,Investment_Trust,0.0
2323,中環,2012-08-06,19000.0,Dealer,0.0
2323,中環,2012-08-06,440000.0,Foreign_Investor,41000.0
2323,中環,2012-08-06,0.0,Investment_Trust,2000.0
2323,中環,2012-08-07,0.0,Dealer,0.0
2323,中環,2012-08-07,564000.0,Foreign_Investor,9000.0
2323,中環,2012-08-07,0.0,Investment_Trust,0.0
2323,中環,2012-08-08,18000.0,Dealer,0.0
2323,中環,2012-08-08,1381000.0,Foreign_Investor,55000.0
2323,中環,2012-08-08,0.0,Investment_Trust,0.0
2323,中環,2012-08-09,60000.0,Dealer,0.0
2323,中環,2012-08-09,863000.0,Foreign_Investor,50000.0
2323,中環,2012-08-09,39000.0,Investment_Trust,0.0
2323,中環,2012-08-10,154000.0,Dealer,0.0
2323,中環,2012-08-10,101000.0,Foreign_Investor,64000.0
2323,中環,2012-08-10,0.0,Investment_Trust,0.0
2323,中環,2012-08-13,0.0,Dealer,10000.0
2323,中環,2012-08-13,297000.0,Foreign_Investor,101000.0
2323,中環,2012-08-13,0.0,Investment_Trust,0.0
2323,中環,2012-08-14,67000.0,Dealer,0.0
2323,中環,2012-08-14,535000.0,Foreign_Investor,0.0
2323,中環,2012-08-14,0.0,Investment_Trust,0.0
2323,中環,2012-08-15,1290000.0,Dealer,95000.0
2323,中環,2012-08-15,588000.0,Foreign_Investor,13000.0
2323,中環,2012-08-15,0.0,Investment_Trust,19000.0
2323,中環,2012-08-16,364000.0,Dealer,572000.0
2323,中環,2012-08-16,1921000.0,Foreign_Investor,468000.0
2323,中環,2012-08-16,0.0,Investment_Trust,0.0
2323,中環,2012-08-17,0.0,Dealer,657000.0
2323,中環,2012-08-17,650000.0,Foreign_Investor,169000.0
2323,中環,2012-08-17,951.0,Investment_Trust,0.0
2323,中環,2012-08-20,0.0,Dealer,233000.0
2323,中環,2012-08-20,554000.0,Foreign_Investor,13000.0
2323,中環,2012-08-20,44000.0,Investment_Trust,0.0
2323,中環,2012-08-21,370000.0,Dealer,10000.0
2323,中環,2012-08-21,1259000.0,Foreign_Investor,25000.0
2323,中環,2012-08-21,0.0,Investment_Trust,0.0
2323,中環,2012-08-22,191000.0,Dealer,241000.0
2323,中環,2012-08-22,1133000.0,Foreign_Investor,87000.0
2323,中環,2012-08-22,0.0,Investment_Trust,0.0
2323,中環,2012-08-23,12000.0,Dealer,8000.0
2323,中環,2012-08-23,877000.0,Foreign_Investor,0.0
2323,中環,2012-08-23,0.0,Investment_Trust,0.0
2323,中環,2012-08-24,80000.0,Dealer,0.0
2323,中環,2012-08-24,1392000.0,Foreign_Investor,33000.0
2323,中環,2012-08-24,0.0,Investment_Trust,0.0
2323,中環,2012-08-27,0.0,Dealer,43000.0
2323,中環,2012-08-27,768000.0,Foreign_Investor,209000.0
2323,中環,2012-08-27,0.0,Investment_Trust,0.0
2323,中環,2012-08-28,3000.0,Dealer,34000.0
2323,中環,2012-08-28,873000.0,Foreign_Investor,548000.0
2323,中環,2012-08-28,0.0,Investment_Trust,0.0
2323,中環,2012-08-29,0.0,Dealer,124000.0
2323,中環,2012-08-29,486000.0,Foreign_Investor,126000.0
2323,中環,2012-08-29,0.0,Investment_Trust,0.0
2323,中環,2012-08-30,0.0,Dealer,31000.0
2323,中環,2012-08-30,480000.0,Foreign_Investor,197000.0
2323,中環,2012-08-30,0.0,Investment_Trust,0.0
2323,中環,2012-08-31,0.0,Dealer,36000.0
2323,中環,2012-08-31,1765885.0,Foreign_Investor,288000.0
2323,中環,2012-08-31,0.0,Investment_Trust,0.0
2323,中環,2012-09-03,0.0,Dealer,2000.0
2323,中環,2012-09-03,86000.0,Foreign_Investor,34000.0
2323,中環,2012-09-03,0.0,Investment_Trust,0.0
2323,中環,2012-09-04,8000.0,Dealer,0.0
2323,中環,2012-09-04,449000.0,Foreign_Investor,289000.0
2323,中環,2012-09-04,0.0,Investment_Trust,0.0
2323,中環,2012-09-05,1850000.0,Dealer,85000.0
2323,中環,2012-09-05,1077000.0,Foreign_Investor,646000.0
2323,中環,2012-09-05,0.0,Investment_Trust,0.0
2323,中環,2012-09-06,46000.0,Dealer,637000.0
2323,中環,2012-09-06,457000.0,Foreign_Investor,732000.0
2323,中環,2012-09-06,0.0,Investment_Trust,0.0
2323,中環,2012-09-07,5000.0,Dealer,831000.0
2323,中環,2012-09-07,3590867.0,Foreign_Investor,152000.0
2323,中環,2012-09-07,0.0,Investment_Trust,0.0
2323,中環,2012-09-10,32000.0,Dealer,0.0
2323,中環,2012-09-10,523000.0,Foreign_Investor,13000.0
2323,中環,2012-09-10,0.0,Investment_Trust,0.0
2323,中環,2012-09-11,54000.0,Dealer,25000.0
2323,中環,2012-09-11,1520000.0,Foreign_Investor,688000.0
2323,中環,2012-09-11,0.0,Investment_Trust,0.0
2323,中環,2012-09-12,101000.0,Dealer,50000.0
2323,中環,2012-09-12,825000.0,Foreign_Investor,961000.0
2323,中環,2012-09-12,0.0,Investment_Trust,100000.0
2323,中環,2012-09-13,465000.0,Dealer,105000.0
2323,中環,2012-09-13,2036000.0,Foreign_Investor,329000.0
2323,中環,2012-09-13,0.0,Investment_Trust,0.0
2323,中環,2012-09-14,462000.0,Dealer,448000.0
2323,中環,2012-09-14,4763000.0,Foreign_Investor,57000.0
2323,中環,2012-09-14,0.0,Investment_Trust,0.0
2323,中環,2012-09-17,1276000.0,Dealer,100000.0
2323,中環,2012-09-17,2061000.0,Foreign_Investor,360000.0
2323,中環,2012-09-17,0.0,Investment_Trust,0.0
2323,中環,2012-09-18,782000.0,Dealer,5000.0
2323,中環,2012-09-18,797000.0,Foreign_Investor,1791000.0
2323,中環,2012-09-18,87000.0,Investment_Trust,0.0
2323,中環,2012-09-19,1220000.0,Dealer,0.0
2323,中環,2012-09-19,1807000.0,Foreign_Investor,2593000.0
2323,中環,2012-09-19,116000.0,Investment_Trust,0.0
2323,中環,2012-09-20,1322000.0,Dealer,868000.0
2323,中環,2012-09-20,3297000.0,Foreign_Investor,2742000.0
2323,中環,2012-09-20,0.0,Investment_Trust,0.0
2323,中環,2012-09-21,440000.0,Dealer,150000.0
2323,中環,2012-09-21,1315000.0,Foreign_Investor,3603000.0
2323,中環,2012-09-21,0.0,Investment_Trust,0.0
2323,中環,2012-09-24,310000.0,Dealer,32000.0
2323,中環,2012-09-24,673000.0,Foreign_Investor,104000.0
2323,中環,2012-09-24,0.0,Investment_Trust,0.0
2323,中環,2012-09-25,440000.0,Dealer,0.0
2323,中環,2012-09-25,936000.0,Foreign_Investor,345000.0
2323,中環,2012-09-25,0.0,Investment_Trust,0.0
2323,中環,2012-09-26,302000.0,Dealer,183000.0
2323,中環,2012-09-26,2119000.0,Foreign_Investor,780000.0
2323,中環,2012-09-26,0.0,Investment_Trust,0.0
2323,中環,2012-09-27,224000.0,Dealer,0.0
2323,中環,2012-09-27,1231000.0,Foreign_Investor,126000.0
2323,中環,2012-09-27,0.0,Investment_Trust,0.0
2323,中環,2012-09-28,1305000.0,Dealer,35000.0
2323,中環,2012-09-28,1227000.0,Foreign_Investor,1428000.0
2323,中環,2012-09-28,0.0,Investment_Trust,0.0
2323,中環,2012-10-01,832000.0,Dealer,40000.0
2323,中環,2012-10-01,1680000.0,Foreign_Investor,1168000.0
2323,中環,2012-10-01,0.0,Investment_Trust,0.0
2323,中環,2012-10-02,222000.0,Dealer,6000.0
2323,中環,2012-10-02,91000.0,Foreign_Investor,29000.0
2323,中環,2012-10-02,0.0,Investment_Trust,0.0
2323,中環,2012-10-03,570000.0,Dealer,0.0
2323,中環,2012-10-03,746000.0,Foreign_Investor,1316000.0
2323,中環,2012-10-03,0.0,Investment_Trust,0.0
2323,中環,2012-10-04,440000.0,Dealer,10000.0
2323,中環,2012-10-04,1781000.0,Foreign_Investor,245000.0
2323,中環,2012-10-04,0.0,Investment_Trust,0.0
2323,中環,2012-10-05,404000.0,Dealer,7000.0
2323,中環,2012-10-05,1741000.0,Foreign_Investor,1973000.0
2323,中環,2012-10-05,0.0,Investment_Trust,0.0
2323,中環,2012-10-08,180000.0,Dealer,68000.0
2323,中環,2012-10-08,1233000.0,Foreign_Investor,365000.0
2323,中環,2012-10-08,0.0,Investment_Trust,0.0
2323,中環,2012-10-09,259000.0,Dealer,137000.0
2323,中環,2012-10-09,1726512.0,Foreign_Investor,803000.0
2323,中環,2012-10-09,0.0,Investment_Trust,0.0
2323,中環,2012-10-11,505000.0,Dealer,2000.0
2323,中環,2012-10-11,2809000.0,Foreign_Investor,749000.0
2323,中環,2012-10-11,0.0,Investment_Trust,0.0
2323,中環,2012-10-12,240000.0,Dealer,347000.0
2323,中環,2012-10-12,422000.0,Foreign_Investor,1484000.0
2323,中環,2012-10-12,0.0,Investment_Trust,1000.0
2323,中環,2012-10-15,320000.0,Dealer,138000.0
2323,中環,2012-10-15,30000.0,Foreign_Investor,540000.0
2323,中環,2012-10-15,0.0,Investment_Trust,0.0
2323,中環,2012-10-16,253000.0,Dealer,0.0
2323,中環,2012-10-16,1600000.0,Foreign_Investor,1130000.0
2323,中環,2012-10-16,0.0,Investment_Trust,0.0
2323,中環,2012-10-17,214000.0,Dealer,0.0
2323,中環,2012-10-17,1469000.0,Foreign_Investor,1169256.0
2323,中環,2012-10-17,0.0,Investment_Trust,0.0
2323,中環,2012-10-18,445000.0,Dealer,9000.0
2323,中環,2012-10-18,1135000.0,Foreign_Investor,1099000.0
2323,中環,2012-10-18,90000.0,Investment_Trust,0.0
2323,中環,2012-10-19,315000.0,Dealer,37000.0
2323,中環,2012-10-19,556000.0,Foreign_Investor,1256000.0
2323,中環,2012-10-19,0.0,Investment_Trust,0.0
2323,中環,2012-10-22,380000.0,Dealer,63000.0
2323,中環,2012-10-22,960000.0,Foreign_Investor,137185.0
2323,中環,2012-10-22,0.0,Investment_Trust,0.0
2323,中環,2012-10-23,622000.0,Dealer,250000.0
2323,中環,2012-10-23,678000.0,Foreign_Investor,2576000.0
2323,中環,2012-10-23,0.0,Investment_Trust,0.0
2323,中環,2012-10-24,1236000.0,Dealer,19000.0
2323,中環,2012-10-24,415000.0,Foreign_Investor,2821000.0
2323,中環,2012-10-24,0.0,Investment_Trust,0.0
2323,中環,2012-10-25,1000000.0,Dealer,90000.0
2323,中環,2012-10-25,305000.0,Foreign_Investor,2094000.0
2323,中環,2012-10-25,0.0,Investment_Trust,0.0
2323,中環,2012-10-26,1226000.0,Dealer,3000.0
2323,中環,2012-10-26,933000.0,Foreign_Investor,1997000.0
2323,中環,2012-10-26,0.0,Investment_Trust,0.0
2323,中環,2012-10-29,620000.0,Dealer,231000.0
2323,中環,2012-10-29,455000.0,Foreign_Investor,549000.0
2323,中環,2012-10-29,11974.0,Investment_Trust,0.0
2323,中環,2012-10-30,25000.0,Dealer,33000.0
2323,中環,2012-10-30,1126000.0,Foreign_Investor,3250000.0
2323,中環,2012-10-30,0.0,Investment_Trust,0.0
2323,中環,2012-10-31,1040000.0,Dealer,0.0
2323,中環,2012-10-31,111000.0,Foreign_Investor,2534000.0
2323,中環,2012-10-31,0.0,Investment_Trust,0.0
2323,中環,2012-11-01,555000.0,Dealer,0.0
2323,中環,2012-11-01,424000.0,Foreign_Investor,1202000.0
2323,中環,2012-11-01,0.0,Investment_Trust,0.0
2323,中環,2012-11-02,725000.0,Dealer,17000.0
2323,中環,2012-11-02,1190000.0,Foreign_Investor,4961000.0
2323,中環,2012-11-02,0.0,Investment_Trust,0.0
2323,中環,2012-11-05,560000.0,Dealer,18000.0
2323,中環,2012-11-05,2229000.0,Foreign_Investor,0.0
2323,中環,2012-11-05,0.0,Investment_Trust,0.0
2323,中環,2012-11-06,445000.0,Dealer,12000.0
2323,中環,2012-11-06,870000.0,Foreign_Investor,1146000.0
2323,中環,2012-11-06,0.0,Investment_Trust,0.0
2323,中環,2012-11-07,315000.0,Dealer,60000.0
2323,中環,2012-11-07,968000.0,Foreign_Investor,436000.0
2323,中環,2012-11-07,0.0,Investment_Trust,0.0
2323,中環,2012-11-08,220000.0,Dealer,3000.0
2323,中環,2012-11-08,720000.0,Foreign_Investor,156000.0
2323,中環,2012-11-08,0.0,Investment_Trust,0.0
2323,中環,2012-11-09,483000.0,Dealer,39000.0
2323,中環,2012-11-09,712000.0,Foreign_Investor,390500.0
2323,中環,2012-11-09,0.0,Investment_Trust,0.0
2323,中環,2012-11-12,320000.0,Dealer,36000.0
2323,中環,2012-11-12,677000.0,Foreign_Investor,967000.0
2323,中環,2012-11-12,0.0,Investment_Trust,0.0
2323,中環,2012-11-13,450000.0,Dealer,46000.0
2323,中環,2012-11-13,1578000.0,Foreign_Investor,1229000.0
2323,中環,2012-11-13,0.0,Investment_Trust,0.0
2323,中環,2012-11-14,65000.0,Dealer,4000.0
2323,中環,2012-11-14,429000.0,Foreign_Investor,597000.0
2323,中環,2012-11-14,0.0,Investment_Trust,0.0
2323,中環,2012-11-15,0.0,Dealer,5000.0
2323,中環,2012-11-15,435000.0,Foreign_Investor,399000.0
2323,中環,2012-11-15,0.0,Investment_Trust,0.0
2323,中環,2012-11-16,0.0,Dealer,19000.0
2323,中環,2012-11-16,703000.0,Foreign_Investor,317000.0
2323,中環,2012-11-16,0.0,Investment_Trust,0.0
2323,中環,2012-11-19,0.0,Dealer,52000.0
2323,中環,2012-11-19,668000.0,Foreign_Investor,378000.0
2323,中環,2012-11-19,0.0,Investment_Trust,0.0
2323,中環,2012-11-20,0.0,Dealer,5000.0
2323,中環,2012-11-20,911000.0,Foreign_Investor,649000.0
2323,中環,2012-11-20,0.0,Investment_Trust,0.0
2323,中環,2012-11-21,0.0,Dealer,113000.0
2323,中環,2012-11-21,300000.0,Foreign_Investor,1308000.0
2323,中環,2012-11-21,0.0,Investment_Trust,0.0
2323,中環,2012-11-22,0.0,Dealer,238000.0
2323,中環,2012-11-22,114000.0,Foreign_Investor,254000.0
2323,中環,2012-11-22,0.0,Investment_Trust,0.0
2323,中環,2012-11-23,0.0,Dealer,0.0
2323,中環,2012-11-23,1215000.0,Foreign_Investor,5000.0
2323,中環,2012-11-23,0.0,Investment_Trust,0.0
2323,中環,2012-11-26,0.0,Dealer,0.0
2323,中環,2012-11-26,604000.0,Foreign_Investor,185000.0
2323,中環,2012-11-26,0.0,Investment_Trust,0.0
2323,中環,2012-11-27,127000.0,Dealer,11000.0
2323,中環,2012-11-27,477000.0,Foreign_Investor,91000.0
2323,中環,2012-11-27,0.0,Investment_Trust,0.0
2323,中環,2012-11-28,7000.0,Dealer,0.0
2323,中環,2012-11-28,1738000.0,Foreign_Investor,274000.0
2323,中環,2012-11-28,0.0,Investment_Trust,159000.0
2323,中環,2012-11-29,15000.0,Dealer,10000.0
2323,中環,2012-11-29,2437000.0,Foreign_Investor,1358000.0
2323,中環,2012-11-29,0.0,Investment_Trust,0.0
2323,中環,2012-11-30,9000.0,Dealer,0.0
2323,中環,2012-11-30,799000.0,Foreign_Investor,1173000.0
2323,中環,2012-11-30,0.0,Investment_Trust,0.0
2323,中環,2012-12-03,24000.0,Dealer,0.0
2323,中環,2012-12-03,2372000.0,Foreign_Investor,357000.0
2323,中環,2012-12-03,0.0,Investment_Trust,0.0
2323,中環,2012-12-04,40000.0,Dealer,1000.0
2323,中環,2012-12-04,105000.0,Foreign_Investor,1217000.0
2323,中環,2012-12-04,0.0,Investment_Trust,0.0
2323,中環,2012-12-05,108000.0,Dealer,0.0
2323,中環,2012-12-05,390000.0,Foreign_Investor,1808000.0
2323,中環,2012-12-05,0.0,Investment_Trust,1000.0
2323,中環,2012-12-06,25000.0,Dealer,33000.0
2323,中環,2012-12-06,1124000.0,Foreign_Investor,607000.0
2323,中環,2012-12-06,0.0,Investment_Trust,0.0
2323,中環,2012-12-07,2000.0,Dealer,121000.0
2323,中環,2012-12-07,375000.0,Foreign_Investor,399000.0
2323,中環,2012-12-07,0.0,Investment_Trust,0.0
2323,中環,2012-12-10,100000.0,Dealer,12000.0
2323,中環,2012-12-10,559000.0,Foreign_Investor,7000.0
2323,中環,2012-12-10,0.0,Investment_Trust,1000.0
2323,中環,2012-12-11,11000.0,Dealer,100000.0
2323,中環,2012-12-11,1197000.0,Foreign_Investor,61000.0
2323,中環,2012-12-11,0.0,Investment_Trust,0.0
2323,中環,2012-12-12,30000.0,Dealer,64000.0
2323,中環,2012-12-12,333000.0,Foreign_Investor,571000.0
2323,中環,2012-12-12,0.0,Investment_Trust,0.0
2323,中環,2012-12-13,122000.0,Dealer,0.0
2323,中環,2012-12-13,440000.0,Foreign_Investor,2123000.0
2323,中環,2012-12-13,0.0,Investment_Trust,0.0
2323,中環,2012-12-14,1000.0,Dealer,25000.0
2323,中環,2012-12-14,449000.0,Foreign_Investor,78000.0
2323,中環,2012-12-14,0.0,Investment_Trust,0.0
2323,中環,2012-12-17,0.0,Dealer,108000.0
2323,中環,2012-12-17,800000.0,Foreign_Investor,622000.0
2323,中環,2012-12-17,0.0,Investment_Trust,0.0
2323,中環,2012-12-18,336000.0,Dealer,42000.0
2323,中環,2012-12-18,103000.0,Foreign_Investor,949500.0
2323,中環,2012-12-18,0.0,Investment_Trust,0.0
2323,中環,2012-12-19,214000.0,Dealer,114000.0
2323,中環,2012-12-19,58000.0,Foreign_Investor,1122000.0
2323,中環,2012-12-19,0.0,Investment_Trust,0.0
2323,中環,2012-12-20,0.0,Dealer,158000.0
2323,中環,2012-12-20,908000.0,Foreign_Investor,302140.0
2323,中環,2012-12-20,0.0,Investment_Trust,24000.0
2323,中環,2012-12-21,0.0,Dealer,131000.0
2323,中環,2012-12-21,267000.0,Foreign_Investor,1268000.0
2323,中環,2012-12-21,0.0,Investment_Trust,28000.0
2323,中環,2012-12-22,300000.0,Dealer,13000.0
2323,中環,2012-12-22,5000.0,Foreign_Investor,0.0
2323,中環,2012-12-22,0.0,Investment_Trust,0.0
2323,中環,2012-12-24,800000.0,Dealer,19000.0
2323,中環,2012-12-24,136000.0,Foreign_Investor,16000.0
2323,中環,2012-12-24,0.0,Investment_Trust,0.0
2323,中環,2012-12-25,17000.0,Dealer,3000.0
2323,中環,2012-12-25,1118000.0,Foreign_Investor,2000.0
2323,中環,2012-12-25,0.0,Investment_Trust,0.0
2323,中環,2012-12-26,96000.0,Dealer,0.0
2323,中環,2012-12-26,1086000.0,Foreign_Investor,76000.0
2323,中環,2012-12-26,0.0,Investment_Trust,0.0
2323,中環,2012-12-27,8000.0,Dealer,10000.0
2323,中環,2012-12-27,322289.0,Foreign_Investor,560000.0
2323,中環,2012-12-27,0.0,Investment_Trust,0.0
2323,中環,2012-12-28,593000.0,Dealer,0.0
2323,中環,2012-12-28,173000.0,Foreign_Investor,252000.0
2323,中環,2012-12-28,0.0,Investment_Trust,0.0
2323,中環,2013-01-02,0.0,Dealer,185000.0
2323,中環,2013-01-02,472000.0,Foreign_Investor,445000.0
2323,中環,2013-01-02,0.0,Investment_Trust,0.0
2323,中環,2013-01-03,0.0,Dealer,406000.0
2323,中環,2013-01-03,748000.0,Foreign_Investor,100000.0
2323,中環,2013-01-03,0.0,Investment_Trust,3000.0
2323,中環,2013-01-04,0.0,Dealer,119000.0
2323,中環,2013-01-04,1654000.0,Foreign_Investor,391000.0
2323,中環,2013-01-04,0.0,Investment_Trust,11000.0
2323,中環,2013-01-07,33000.0,Dealer,13000.0
2323,中環,2013-01-07,548000.0,Foreign_Investor,508000.0
2323,中環,2013-01-07,0.0,Investment_Trust,60000.0
2323,中環,2013-01-08,130000.0,Dealer,248000.0
2323,中環,2013-01-08,1604000.0,Foreign_Investor,1242000.0
2323,中環,2013-01-08,0.0,Investment_Trust,1000.0
2323,中環,2013-01-09,600000.0,Dealer,185000.0
2323,中環,2013-01-09,732000.0,Foreign_Investor,147000.0
2323,中環,2013-01-09,0.0,Investment_Trust,0.0
2323,中環,2013-01-10,5000.0,Dealer,25000.0
2323,中環,2013-01-10,582000.0,Foreign_Investor,119000.0
2323,中環,2013-01-10,0.0,Investment_Trust,0.0
2323,中環,2013-01-11,130000.0,Dealer,802000.0
2323,中環,2013-01-11,637000.0,Foreign_Investor,283000.0
2323,中環,2013-01-11,0.0,Investment_Trust,2012000.0
2323,中環,2013-01-14,0.0,Dealer,1039000.0
2323,中環,2013-01-14,259000.0,Foreign_Investor,498000.0
2323,中環,2013-01-14,0.0,Investment_Trust,0.0
2323,中環,2013-01-15,0.0,Dealer,1021000.0
2323,中環,2013-01-15,622000.0,Foreign_Investor,886000.0
2323,中環,2013-01-15,0.0,Investment_Trust,7000.0
2323,中環,2013-01-16,0.0,Dealer,1212000.0
2323,中環,2013-01-16,1737000.0,Foreign_Investor,743000.0
2323,中環,2013-01-16,0.0,Investment_Trust,10000.0
2323,中環,2013-01-17,22000.0,Dealer,1316000.0
2323,中環,2013-01-17,8000.0,Foreign_Investor,178000.0
2323,中環,2013-01-17,80625.0,Investment_Trust,11000.0
2323,中環,2013-01-18,40000.0,Dealer,120000.0
2323,中環,2013-01-18,194000.0,Foreign_Investor,203055.0
2323,中環,2013-01-18,0.0,Investment_Trust,0.0
2323,中環,2013-01-21,2361000.0,Dealer,9000.0
2323,中環,2013-01-21,230000.0,Foreign_Investor,2046000.0
2323,中環,2013-01-21,0.0,Investment_Trust,27000.0
2323,中環,2013-01-22,42000.0,Dealer,842000.0
2323,中環,2013-01-22,8000.0,Foreign_Investor,437000.0
2323,中環,2013-01-22,0.0,Investment_Trust,1000.0
2323,中環,2013-01-23,0.0,Dealer,677000.0
2323,中環,2013-01-23,277000.0,Foreign_Investor,5000.0
2323,中環,2013-01-23,0.0,Investment_Trust,2000.0
2323,中環,2013-01-24,288000.0,Dealer,62000.0
2323,中環,2013-01-24,275000.0,Foreign_Investor,542000.0
2323,中環,2013-01-24,0.0,Investment_Trust,10000.0
2323,中環,2013-01-25,615000.0,Dealer,12000.0
2323,中環,2013-01-25,54000.0,Foreign_Investor,427000.0
2323,中環,2013-01-25,0.0,Investment_Trust,4000.0
2323,中環,2013-01-28,100000.0,Dealer,0.0
2323,中環,2013-01-28,128000.0,Foreign_Investor,197000.0
2323,中環,2013-01-28,0.0,Investment_Trust,0.0
2323,中環,2013-01-29,797000.0,Dealer,0.0
2323,中環,2013-01-29,625000.0,Foreign_Investor,724000.0
2323,中環,2013-01-29,0.0,Investment_Trust,0.0
2323,中環,2013-01-30,1187000.0,Dealer,1219000.0
2323,中環,2013-01-30,667000.0,Foreign_Investor,228000.0
2323,中環,2013-01-30,0.0,Investment_Trust,0.0
2323,中環,2013-01-31,35000.0,Dealer,632000.0
2323,中環,2013-01-31,169000.0,Foreign_Investor,2860000.0
2323,中環,2013-01-31,20000.0,Investment_Trust,4000.0
2323,中環,2013-02-01,0.0,Dealer,818000.0
2323,中環,2013-02-01,917000.0,Foreign_Investor,350000.0
2323,中環,2013-02-01,0.0,Investment_Trust,0.0
2323,中環,2013-02-04,2112000.0,Dealer,36000.0
2323,中環,2013-02-04,1413000.0,Foreign_Investor,192000.0
2323,中環,2013-02-04,0.0,Investment_Trust,47000.0
2323,中環,2013-02-05,1481000.0,Dealer,0.0
2323,中環,2013-02-05,156000.0,Foreign_Investor,17000.0
2323,中環,2013-02-05,0.0,Investment_Trust,44000.0
2323,中環,2013-02-06,664000.0,Dealer,90000.0
2323,中環,2013-02-06,2000000.0,Foreign_Investor,452000.0
2323,中環,2013-02-06,0.0,Investment_Trust,6000.0
2323,中環,2013-02-18,254000.0,Dealer,1204000.0
2323,中環,2013-02-18,402000.0,Foreign_Investor,194000.0
2323,中環,2013-02-18,0.0,Investment_Trust,0.0
2323,中環,2013-02-19,3000.0,Dealer,3554000.0
2323,中環,2013-02-19,215000.0,Foreign_Investor,219000.0
2323,中環,2013-02-19,0.0,Investment_Trust,2000.0
2323,中環,2013-02-20,201000.0,Dealer,30000.0
2323,中環,2013-02-20,472000.0,Foreign_Investor,1634000.0
2323,中環,2013-02-20,0.0,Investment_Trust,0.0
2323,中環,2013-02-21,50000.0,Dealer,150000.0
2323,中環,2013-02-21,176000.0,Foreign_Investor,117000.0
2323,中環,2013-02-21,0.0,Investment_Trust,2000.0
2323,中環,2013-02-22,66000.0,Dealer,50000.0
2323,中環,2013-02-22,342000.0,Foreign_Investor,1436000.0
2323,中環,2013-02-22,0.0,Investment_Trust,4000.0
2323,中環,2013-02-23,60000.0,Dealer,0.0
2323,中環,2013-02-23,0.0,Foreign_Investor,0.0
2323,中環,2013-02-23,0.0,Investment_Trust,3000.0
2323,中環,2013-02-25,982000.0,Dealer,154000.0
2323,中環,2013-02-25,1036000.0,Foreign_Investor,1159000.0
2323,中環,2013-02-25,0.0,Investment_Trust,0.0
2323,中環,2013-02-26,794000.0,Dealer,161000.0
2323,中環,2013-02-26,613000.0,Foreign_Investor,1769000.0
2323,中環,2013-02-26,0.0,Investment_Trust,1000.0
2323,中環,2013-02-27,288000.0,Dealer,135000.0
2323,中環,2013-02-27,2000.0,Foreign_Investor,573000.0
2323,中環,2013-02-27,0.0,Investment_Trust,0.0
2323,中環,2013-03-01,398000.0,Dealer,429000.0
2323,中環,2013-03-01,317060.0,Foreign_Investor,1551000.0
2323,中環,2013-03-01,0.0,Investment_Trust,0.0
2323,中環,2013-03-04,1713000.0,Dealer,590000.0
2323,中環,2013-03-04,148000.0,Foreign_Investor,1826000.0
2323,中環,2013-03-04,0.0,Investment_Trust,0.0
2323,中環,2013-03-05,108000.0,Dealer,352000.0
2323,中環,2013-03-05,1239000.0,Foreign_Investor,578000.0
2323,中環,2013-03-05,0.0,Investment_Trust,0.0
2323,中環,2013-03-06,657000.0,Dealer,388000.0
2323,中環,2013-03-06,18000.0,Foreign_Investor,1477000.0
2323,中環,2013-03-06,41000.0,Investment_Trust,0.0
2323,中環,2013-03-07,189000.0,Dealer,652000.0
2323,中環,2013-03-07,3076000.0,Foreign_Investor,17000.0
2323,中環,2013-03-07,0.0,Investment_Trust,0.0
2323,中環,2013-03-08,695000.0,Dealer,164000.0
2323,中環,2013-03-08,554000.0,Foreign_Investor,0.0
2323,中環,2013-03-08,0.0,Investment_Trust,0.0
2323,中環,2013-03-11,368000.0,Dealer,254000.0
2323,中環,2013-03-11,603000.0,Foreign_Investor,88000.0
2323,中環,2013-03-11,2000.0,Investment_Trust,1000.0
2323,中環,2013-03-12,721000.0,Dealer,237000.0
2323,中環,2013-03-12,44000.0,Foreign_Investor,1256000.0
2323,中環,2013-03-12,0.0,Investment_Trust,0.0
2323,中環,2013-03-13,1388000.0,Dealer,392000.0
2323,中環,2013-03-13,247000.0,Foreign_Investor,42000.0
2323,中環,2013-03-13,0.0,Investment_Trust,2000.0
2323,中環,2013-03-14,415000.0,Dealer,447000.0
2323,中環,2013-03-14,484000.0,Foreign_Investor,315000.0
2323,中環,2013-03-14,0.0,Investment_Trust,1000.0
2323,中環,2013-03-15,1000.0,Dealer,283000.0
2323,中環,2013-03-15,1191000.0,Foreign_Investor,743000.0
2323,中環,2013-03-15,0.0,Investment_Trust,5000.0
2323,中環,2013-03-18,79000.0,Dealer,1474000.0
2323,中環,2013-03-18,876000.0,Foreign_Investor,540000.0
2323,中環,2013-03-18,0.0,Investment_Trust,3000.0
2323,中環,2013-03-19,105000.0,Dealer,370000.0
2323,中環,2013-03-19,1602000.0,Foreign_Investor,210000.0
2323,中環,2013-03-19,0.0,Investment_Trust,0.0
2323,中環,2013-03-20,101000.0,Dealer,284000.0
2323,中環,2013-03-20,2205000.0,Foreign_Investor,468003.0
2323,中環,2013-03-20,0.0,Investment_Trust,1000.0
2323,中環,2013-03-21,407000.0,Dealer,0.0
2323,中環,2013-03-21,1309000.0,Foreign_Investor,386000.0
2323,中環,2013-03-21,0.0,Investment_Trust,0.0
2323,中環,2013-03-22,1162000.0,Dealer,1210000.0
2323,中環,2013-03-22,1155000.0,Foreign_Investor,193477.0
2323,中環,2013-03-22,0.0,Investment_Trust,167000.0
2323,中環,2013-03-25,274000.0,Dealer,311000.0
2323,中環,2013-03-25,982000.0,Foreign_Investor,294000.0
2323,中環,2013-03-25,0.0,Investment_Trust,0.0
2323,中環,2013-03-26,231000.0,Dealer,71000.0
2323,中環,2013-03-26,821000.0,Foreign_Investor,2106000.0
2323,中環,2013-03-26,0.0,Investment_Trust,0.0
2323,中環,2013-03-27,195000.0,Dealer,158000.0
2323,中環,2013-03-27,442000.0,Foreign_Investor,505000.0
2323,中環,2013-03-27,0.0,Investment_Trust,33000.0
2323,中環,2013-03-28,20000.0,Dealer,34000.0
2323,中環,2013-03-28,2506000.0,Foreign_Investor,32000.0
2323,中環,2013-03-28,0.0,Investment_Trust,0.0
2323,中環,2013-03-29,488000.0,Dealer,0.0
2323,中環,2013-03-29,314000.0,Foreign_Investor,67000.0
2323,中環,2013-03-29,0.0,Investment_Trust,0.0
2323,中環,2013-04-01,102000.0,Dealer,575000.0
2323,中環,2013-04-01,287000.0,Foreign_Investor,4000.0
2323,中環,2013-04-01,0.0,Investment_Trust,1000.0
2323,中環,2013-04-02,48000.0,Dealer,159000.0
2323,中環,2013-04-02,2504000.0,Foreign_Investor,1079000.0
2323,中環,2013-04-02,0.0,Investment_Trust,0.0
2323,中環,2013-04-03,107000.0,Dealer,488000.0
2323,中環,2013-04-03,2494000.0,Foreign_Investor,1159000.0
2323,中環,2013-04-03,0.0,Investment_Trust,0.0
2323,中環,2013-04-08,5000.0,Dealer,348000.0
2323,中環,2013-04-08,2881000.0,Foreign_Investor,273000.0
2323,中環,2013-04-08,0.0,Investment_Trust,0.0
2323,中環,2013-04-09,26000.0,Dealer,113000.0
2323,中環,2013-04-09,2584000.0,Foreign_Investor,348000.0
2323,中環,2013-04-09,0.0,Investment_Trust,0.0
2323,中環,2013-04-10,56000.0,Dealer,605000.0
2323,中環,2013-04-10,677954.0,Foreign_Investor,972000.0
2323,中環,2013-04-10,0.0,Investment_Trust,0.0
2323,中環,2013-04-11,534000.0,Dealer,110000.0
2323,中環,2013-04-11,4203000.0,Foreign_Investor,413000.0
2323,中環,2013-04-11,0.0,Investment_Trust,0.0
2323,中環,2013-04-12,0.0,Dealer,454000.0
2323,中環,2013-04-12,1106000.0,Foreign_Investor,863000.0
2323,中環,2013-04-12,0.0,Investment_Trust,0.0
2323,中環,2013-04-15,0.0,Dealer,169000.0
2323,中環,2013-04-15,357000.0,Foreign_Investor,24000.0
2323,中環,2013-04-15,0.0,Investment_Trust,2000.0
2323,中環,2013-04-16,75000.0,Dealer,286000.0
2323,中環,2013-04-16,734000.0,Foreign_Investor,1156000.0
2323,中環,2013-04-16,0.0,Investment_Trust,0.0
2323,中環,2013-04-17,0.0,Dealer,97000.0
2323,中環,2013-04-17,465000.0,Foreign_Investor,853000.0
2323,中環,2013-04-17,98000.0,Investment_Trust,0.0
2323,中環,2013-04-18,323000.0,Dealer,0.0
2323,中環,2013-04-18,4322000.0,Foreign_Investor,228000.0
2323,中環,2013-04-18,0.0,Investment_Trust,0.0
2323,中環,2013-04-19,193000.0,Dealer,82000.0
2323,中環,2013-04-19,990000.0,Foreign_Investor,334000.0
2323,中環,2013-04-19,0.0,Investment_Trust,86557.0
2323,中環,2013-04-22,653000.0,Dealer,50000.0
2323,中環,2013-04-22,1021000.0,Foreign_Investor,1943000.0
2323,中環,2013-04-22,0.0,Investment_Trust,1000.0
2323,中環,2013-04-23,2925000.0,Dealer,360000.0
2323,中環,2013-04-23,1012000.0,Foreign_Investor,967000.0
2323,中環,2013-04-23,0.0,Investment_Trust,3000.0
2323,中環,2013-04-24,80000.0,Dealer,1824000.0
2323,中環,2013-04-24,508000.0,Foreign_Investor,723000.0
2323,中環,2013-04-24,0.0,Investment_Trust,1000.0
2323,中環,2013-04-25,145000.0,Dealer,189000.0
2323,中環,2013-04-25,1074000.0,Foreign_Investor,2498000.0
2323,中環,2013-04-25,0.0,Investment_Trust,3000.0
2323,中環,2013-04-26,110000.0,Dealer,368000.0
2323,中環,2013-04-26,2062000.0,Foreign_Investor,1791000.0
2323,中環,2013-04-26,0.0,Investment_Trust,3004000.0
2323,中環,2013-04-29,5000.0,Dealer,355000.0
2323,中環,2013-04-29,1224000.0,Foreign_Investor,12000.0
2323,中環,2013-04-29,0.0,Investment_Trust,2000.0
2323,中環,2013-04-30,54000.0,Dealer,20000.0
2323,中環,2013-04-30,987000.0,Foreign_Investor,582000.0
2323,中環,2013-04-30,0.0,Investment_Trust,0.0
2323,中環,2013-05-02,109000.0,Dealer,25000.0
2323,中環,2013-05-02,1481000.0,Foreign_Investor,2392000.0
2323,中環,2013-05-02,0.0,Investment_Trust,0.0
2323,中環,2013-05-03,1756000.0,Dealer,70000.0
2323,中環,2013-05-03,430000.0,Foreign_Investor,1140000.0
2323,中環,2013-05-03,0.0,Investment_Trust,2008000.0
2323,中環,2013-05-06,522000.0,Dealer,428000.0
2323,中環,2013-05-06,635000.0,Foreign_Investor,689000.0
2323,中環,2013-05-06,0.0,Investment_Trust,4000.0
2323,中環,2013-05-07,375000.0,Dealer,1353000.0
2323,中環,2013-05-07,1886000.0,Foreign_Investor,223000.0
2323,中環,2013-05-07,0.0,Investment_Trust,0.0
2323,中環,2013-05-08,87000.0,Dealer,665000.0
2323,中環,2013-05-08,808000.0,Foreign_Investor,499184.0
2323,中環,2013-05-08,0.0,Investment_Trust,0.0
2323,中環,2013-05-09,257000.0,Dealer,100000.0
2323,中環,2013-05-09,3709368.0,Foreign_Investor,103000.0
2323,中環,2013-05-09,0.0,Investment_Trust,0.0
2323,中環,2013-05-10,103000.0,Dealer,14678.0
2323,中環,2013-05-10,2272000.0,Foreign_Investor,86000.0
2323,中環,2013-05-10,0.0,Investment_Trust,0.0
2323,中環,2013-05-13,360000.0,Dealer,14000.0
2323,中環,2013-05-13,1863148.0,Foreign_Investor,222000.0
2323,中環,2013-05-13,0.0,Investment_Trust,3000.0
2323,中環,2013-05-14,243000.0,Dealer,60000.0
2323,中環,2013-05-14,2361000.0,Foreign_Investor,882000.0
2323,中環,2013-05-14,0.0,Investment_Trust,0.0
2323,中環,2013-05-15,253000.0,Dealer,60000.0
2323,中環,2013-05-15,1894000.0,Foreign_Investor,778000.0
2323,中環,2013-05-15,0.0,Investment_Trust,0.0
2323,中環,2013-05-16,1889611.0,Foreign_Investor,1127000.0
2323,中環,2013-05-16,0.0,Investment_Trust,0.0
2323,中環,2013-05-16,257000.0,Dealer,10000.0
2323,中環,2013-05-17,1708000.0,Dealer,145000.0
2323,中環,2013-05-17,1581000.0,Foreign_Investor,30000.0
2323,中環,2013-05-17,0.0,Investment_Trust,0.0
2323,中環,2013-05-20,3360000.0,Dealer,1229000.0
2323,中環,2013-05-20,2444000.0,Foreign_Investor,48000.0
2323,中環,2013-05-20,0.0,Investment_Trust,2000.0
2323,中環,2013-05-21,409000.0,Dealer,2068000.0
2323,中環,2013-05-21,414000.0,Foreign_Investor,1081000.0
2323,中環,2013-05-21,0.0,Investment_Trust,0.0
2323,中環,2013-05-22,1416000.0,Dealer,1294000.0
2323,中環,2013-05-22,618000.0,Foreign_Investor,750000.0
2323,中環,2013-05-22,0.0,Investment_Trust,12000.0
2323,中環,2013-05-23,630000.0,Dealer,742000.0
2323,中環,2013-05-23,2173000.0,Foreign_Investor,1066000.0
2323,中環,2013-05-23,0.0,Investment_Trust,0.0
2323,中環,2013-05-24,568000.0,Dealer,705000.0
2323,中環,2013-05-24,2515000.0,Foreign_Investor,705000.0
2323,中環,2013-05-24,0.0,Investment_Trust,3000.0
2323,中環,2013-05-27,214000.0,Dealer,224000.0
2323,中環,2013-05-27,70000.0,Foreign_Investor,273000.0
2323,中環,2013-05-27,0.0,Investment_Trust,0.0
2323,中環,2013-05-28,1068000.0,Dealer,60000.0
2323,中環,2013-05-28,804000.0,Foreign_Investor,90000.0
2323,中環,2013-05-28,0.0,Investment_Trust,0.0
2323,中環,2013-05-29,320000.0,Dealer,636000.0
2323,中環,2013-05-29,1176000.0,Foreign_Investor,60000.0
2323,中環,2013-05-29,0.0,Investment_Trust,0.0
2323,中環,2013-05-30,1819000.0,Dealer,832000.0
2323,中環,2013-05-30,529000.0,Foreign_Investor,655000.0
2323,中環,2013-05-30,0.0,Investment_Trust,0.0
2323,中環,2013-05-31,515000.0,Dealer,2044000.0
2323,中環,2013-05-31,381000.0,Foreign_Investor,740024.0
2323,中環,2013-05-31,0.0,Investment_Trust,0.0
2323,中環,2013-06-03,350000.0,Dealer,360000.0
2323,中環,2013-06-03,2661000.0,Foreign_Investor,56000.0
2323,中環,2013-06-03,0.0,Investment_Trust,0.0
2323,中環,2013-06-04,305000.0,Dealer,1121000.0
2323,中環,2013-06-04,1367000.0,Foreign_Investor,439000.0
2323,中環,2013-06-04,0.0,Investment_Trust,0.0
2323,中環,2013-06-05,885000.0,Dealer,1420000.0
2323,中環,2013-06-05,622000.0,Foreign_Investor,156000.0
2323,中環,2013-06-05,0.0,Investment_Trust,0.0
2323,中環,2013-06-06,1580000.0,Dealer,347000.0
2323,中環,2013-06-06,3087000.0,Foreign_Investor,1355000.0
2323,中環,2013-06-06,0.0,Investment_Trust,0.0
2323,中環,2013-06-07,647000.0,Dealer,1507000.0
2323,中環,2013-06-07,1091000.0,Foreign_Investor,1807000.0
2323,中環,2013-06-07,0.0,Investment_Trust,0.0
2323,中環,2013-06-10,234000.0,Dealer,757000.0
2323,中環,2013-06-10,180000.0,Foreign_Investor,823000.0
2323,中環,2013-06-10,0.0,Investment_Trust,0.0
2323,中環,2013-06-11,440000.0,Dealer,533000.0
2323,中環,2013-06-11,995000.0,Foreign_Investor,466000.0
2323,中環,2013-06-11,0.0,Investment_Trust,56000.0
2323,中環,2013-06-13,130000.0,Dealer,889000.0
2323,中環,2013-06-13,5345222.0,Foreign_Investor,306000.0
2323,中環,2013-06-13,0.0,Investment_Trust,52000.0
2323,中環,2013-06-14,775000.0,Dealer,1595000.0
2323,中環,2013-06-14,9993000.0,Foreign_Investor,1785000.0
2323,中環,2013-06-14,0.0,Investment_Trust,0.0
2323,中環,2013-06-17,1078000.0,Dealer,1162000.0
2323,中環,2013-06-17,1000.0,Foreign_Investor,1189000.0
2323,中環,2013-06-17,0.0,Investment_Trust,0.0
2323,中環,2013-06-18,430000.0,Dealer,969000.0
2323,中環,2013-06-18,291000.0,Foreign_Investor,945000.0
2323,中環,2013-06-18,0.0,Investment_Trust,0.0
2323,中環,2013-06-19,210000.0,Dealer,658000.0
2323,中環,2013-06-19,92000.0,Foreign_Investor,769000.0
2323,中環,2013-06-19,0.0,Investment_Trust,0.0
2323,中環,2013-06-20,160682.0,Dealer,406000.0
2323,中環,2013-06-20,739000.0,Foreign_Investor,159000.0
2323,中環,2013-06-20,0.0,Investment_Trust,0.0
2323,中環,2013-06-21,597000.0,Dealer,467000.0
2323,中環,2013-06-21,2264000.0,Foreign_Investor,377000.0
2323,中環,2013-06-21,0.0,Investment_Trust,0.0
2323,中環,2013-06-24,120000.0,Dealer,205000.0
2323,中環,2013-06-24,54000.0,Foreign_Investor,390000.0
2323,中環,2013-06-24,0.0,Investment_Trust,0.0
2323,中環,2013-06-25,184000.0,Dealer,454000.0
2323,中環,2013-06-25,798000.0,Foreign_Investor,345000.0
2323,中環,2013-06-25,0.0,Investment_Trust,0.0
2323,中環,2013-06-26,27000.0,Dealer,2000.0
2323,中環,2013-06-26,111000.0,Foreign_Investor,0.0
2323,中環,2013-06-26,0.0,Investment_Trust,0.0
2323,中環,2013-06-27,594000.0,Dealer,52000.0
2323,中環,2013-06-27,1229000.0,Foreign_Investor,183000.0
2323,中環,2013-06-27,0.0,Investment_Trust,0.0
2323,中環,2013-06-28,243000.0,Dealer,574000.0
2323,中環,2013-06-28,53000.0,Foreign_Investor,241000.0
2323,中環,2013-06-28,0.0,Investment_Trust,0.0
2323,中環,2013-07-01,177000.0,Dealer,66000.0
2323,中環,2013-07-01,414000.0,Foreign_Investor,64000.0
2323,中環,2013-07-01,0.0,Investment_Trust,0.0
2323,中環,2013-07-02,678000.0,Dealer,22000.0
2323,中環,2013-07-02,114000.0,Foreign_Investor,32000.0
2323,中環,2013-07-02,0.0,Investment_Trust,0.0
2323,中環,2013-07-03,70000.0,Dealer,123000.0
2323,中環,2013-07-03,975000.0,Foreign_Investor,434000.0
2323,中環,2013-07-03,0.0,Investment_Trust,0.0
2323,中環,2013-07-04,234000.0,Dealer,5000.0
2323,中環,2013-07-04,54000.0,Foreign_Investor,41000.0
2323,中環,2013-07-04,120000.0,Investment_Trust,0.0
2323,中環,2013-07-05,172000.0,Dealer,261000.0
2323,中環,2013-07-05,76000.0,Foreign_Investor,53000.0
2323,中環,2013-07-05,45000.0,Investment_Trust,0.0
2323,中環,2013-07-08,4000.0,Dealer,199000.0
2323,中環,2013-07-08,1105000.0,Foreign_Investor,64000.0
2323,中環,2013-07-08,0.0,Investment_Trust,0.0
2323,中環,2013-07-09,135000.0,Dealer,73000.0
2323,中環,2013-07-09,392000.0,Foreign_Investor,192000.0
2323,中環,2013-07-09,0.0,Investment_Trust,0.0
2323,中環,2013-07-10,141000.0,Dealer,14000.0
2323,中環,2013-07-10,20000.0,Foreign_Investor,41000.0
2323,中環,2013-07-10,0.0,Investment_Trust,0.0
2323,中環,2013-07-11,337000.0,Dealer,13000.0
2323,中環,2013-07-11,98000.0,Foreign_Investor,420000.0
2323,中環,2013-07-11,0.0,Investment_Trust,7959.0
2323,中環,2013-07-12,633000.0,Dealer,268000.0
2323,中環,2013-07-12,630000.0,Foreign_Investor,285000.0
2323,中環,2013-07-12,0.0,Investment_Trust,0.0
2323,中環,2013-07-15,312000.0,Dealer,48000.0
2323,中環,2013-07-15,178000.0,Foreign_Investor,100000.0
2323,中環,2013-07-15,0.0,Investment_Trust,0.0
2323,中環,2013-07-16,218000.0,Dealer,18000.0
2323,中環,2013-07-16,24000.0,Foreign_Investor,41000.0
2323,中環,2013-07-16,0.0,Investment_Trust,0.0
2323,中環,2013-07-17,578000.0,Dealer,81000.0
2323,中環,2013-07-17,105000.0,Foreign_Investor,428000.0
2323,中環,2013-07-17,0.0,Investment_Trust,0.0
2323,中環,2013-07-18,70000.0,Dealer,255000.0
2323,中環,2013-07-18,628000.0,Foreign_Investor,653000.0
2323,中環,2013-07-18,0.0,Investment_Trust,0.0
2323,中環,2013-07-19,36000.0,Dealer,523000.0
2323,中環,2013-07-19,606000.0,Foreign_Investor,0.0
2323,中環,2013-07-19,0.0,Investment_Trust,0.0
2323,中環,2013-07-22,5000.0,Dealer,281000.0
2323,中環,2013-07-22,467000.0,Foreign_Investor,120000.0
2323,中環,2013-07-22,0.0,Investment_Trust,0.0
2323,中環,2013-07-23,84000.0,Dealer,15000.0
2323,中環,2013-07-23,105000.0,Foreign_Investor,0.0
2323,中環,2013-07-23,0.0,Investment_Trust,0.0
2323,中環,2013-07-24,904000.0,Dealer,26000.0
2323,中環,2013-07-24,283000.0,Foreign_Investor,25000.0
2323,中環,2013-07-24,0.0,Investment_Trust,0.0
2323,中環,2013-07-25,95000.0,Dealer,568000.0
2323,中環,2013-07-25,70000.0,Foreign_Investor,298000.0
2323,中環,2013-07-25,0.0,Investment_Trust,0.0
2323,中環,2013-07-26,3000.0,Dealer,412000.0
2323,中環,2013-07-26,187000.0,Foreign_Investor,53000.0
2323,中環,2013-07-26,0.0,Investment_Trust,0.0
2323,中環,2013-07-29,11000.0,Dealer,183000.0
2323,中環,2013-07-29,51000.0,Foreign_Investor,0.0
2323,中環,2013-07-29,0.0,Investment_Trust,0.0
2323,中環,2013-07-30,80000.0,Dealer,10000.0
2323,中環,2013-07-30,491000.0,Foreign_Investor,354340.0
2323,中環,2013-07-30,83000.0,Investment_Trust,0.0
2323,中環,2013-07-31,4000.0,Dealer,160000.0
2323,中環,2013-07-31,132000.0,Foreign_Investor,696340.0
2323,中環,2013-07-31,0.0,Investment_Trust,0.0
2323,中環,2013-08-01,16000.0,Dealer,112000.0
2323,中環,2013-08-01,201000.0,Foreign_Investor,619340.0
2323,中環,2013-08-01,0.0,Investment_Trust,0.0
2323,中環,2013-08-02,147000.0,Dealer,255000.0
2323,中環,2013-08-02,380000.0,Foreign_Investor,128000.0
2323,中環,2013-08-02,0.0,Investment_Trust,500000.0
2323,中環,2013-08-05,20000.0,Dealer,502000.0
2323,中環,2013-08-05,900000.0,Foreign_Investor,851000.0
2323,中環,2013-08-05,0.0,Investment_Trust,20000.0
2323,中環,2013-08-06,0.0,Dealer,237000.0
2323,中環,2013-08-06,588000.0,Foreign_Investor,17000.0
2323,中環,2013-08-06,0.0,Investment_Trust,0.0
2323,中環,2013-08-07,0.0,Dealer,133000.0
2323,中環,2013-08-07,32537.0,Foreign_Investor,88000.0
2323,中環,2013-08-07,0.0,Investment_Trust,0.0
2323,中環,2013-08-08,20000.0,Dealer,108000.0
2323,中環,2013-08-08,24000.0,Foreign_Investor,41000.0
2323,中環,2013-08-08,0.0,Investment_Trust,0.0
2323,中環,2013-08-09,0.0,Dealer,328000.0
2323,中環,2013-08-09,88000.0,Foreign_Investor,245000.0
2323,中環,2013-08-09,0.0,Investment_Trust,0.0
2323,中環,2013-08-12,0.0,Dealer,141000.0
2323,中環,2013-08-12,266000.0,Foreign_Investor,425.0
2323,中環,2013-08-12,0.0,Investment_Trust,0.0
2323,中環,2013-08-13,10000.0,Dealer,25000.0
2323,中環,2013-08-13,419000.0,Foreign_Investor,188000.0
2323,中環,2013-08-13,0.0,Investment_Trust,0.0
2323,中環,2013-08-14,5000.0,Dealer,13000.0
2323,中環,2013-08-14,61000.0,Foreign_Investor,127000.0
2323,中環,2013-08-14,0.0,Investment_Trust,0.0
2323,中環,2013-08-15,0.0,Dealer,90000.0
2323,中環,2013-08-15,286000.0,Foreign_Investor,0.0
2323,中環,2013-08-15,0.0,Investment_Trust,1000.0
2323,中環,2013-08-16,0.0,Dealer,202000.0
2323,中環,2013-08-16,572000.0,Foreign_Investor,6000.0
2323,中環,2013-08-16,0.0,Investment_Trust,0.0
2323,中環,2013-08-19,6000.0,Dealer,41000.0
2323,中環,2013-08-19,21000.0,Foreign_Investor,489000.0
2323,中環,2013-08-19,0.0,Investment_Trust,0.0
2323,中環,2013-08-20,0.0,Dealer,250000.0
2323,中環,2013-08-20,213000.0,Foreign_Investor,747000.0
2323,中環,2013-08-20,0.0,Investment_Trust,0.0
2323,中環,2013-08-22,0.0,Dealer,174000.0
2323,中環,2013-08-22,883000.0,Foreign_Investor,487000.0
2323,中環,2013-08-22,0.0,Investment_Trust,0.0
2323,中環,2013-08-23,0.0,Dealer,189000.0
2323,中環,2013-08-23,483000.0,Foreign_Investor,922000.0
2323,中環,2013-08-23,0.0,Investment_Trust,0.0
2323,中環,2013-08-26,0.0,Dealer,372000.0
2323,中環,2013-08-26,354740.0,Foreign_Investor,119000.0
2323,中環,2013-08-26,0.0,Investment_Trust,0.0
2323,中環,2013-08-27,3000.0,Dealer,142000.0
2323,中環,2013-08-27,223000.0,Foreign_Investor,6000.0
2323,中環,2013-08-27,0.0,Investment_Trust,0.0
2323,中環,2013-08-28,0.0,Dealer,240000.0
2323,中環,2013-08-28,292000.0,Foreign_Investor,56000.0
2323,中環,2013-08-28,0.0,Investment_Trust,0.0
2323,中環,2013-08-29,0.0,Dealer,63000.0
2323,中環,2013-08-29,729000.0,Foreign_Investor,116000.0
2323,中環,2013-08-29,0.0,Investment_Trust,0.0
2323,中環,2013-08-30,76000.0,Dealer,20000.0
2323,中環,2013-08-30,361000.0,Foreign_Investor,194000.0
2323,中環,2013-08-30,0.0,Investment_Trust,0.0
2323,中環,2013-09-02,0.0,Dealer,0.0
2323,中環,2013-09-02,24000.0,Foreign_Investor,158000.0
2323,中環,2013-09-02,0.0,Investment_Trust,0.0
2323,中環,2013-09-03,0.0,Dealer,39000.0
2323,中環,2013-09-03,589000.0,Foreign_Investor,171000.0
2323,中環,2013-09-03,0.0,Investment_Trust,119232.0
2323,中環,2013-09-04,218000.0,Dealer,50000.0
2323,中環,2013-09-04,96000.0,Foreign_Investor,312000.0
2323,中環,2013-09-04,0.0,Investment_Trust,0.0
2323,中環,2013-09-05,22000.0,Dealer,105000.0
2323,中環,2013-09-05,339000.0,Foreign_Investor,463000.0
2323,中環,2013-09-05,1000.0,Investment_Trust,0.0
2323,中環,2013-09-06,33000.0,Dealer,8000.0
2323,中環,2013-09-06,63000.0,Foreign_Investor,158000.0
2323,中環,2013-09-06,0.0,Investment_Trust,0.0
2323,中環,2013-09-09,14000.0,Dealer,41000.0
2323,中環,2013-09-09,38000.0,Foreign_Investor,98000.0
2323,中環,2013-09-09,0.0,Investment_Trust,1000.0
2323,中環,2013-09-10,15000.0,Dealer,103000.0
2323,中環,2013-09-10,49000.0,Foreign_Investor,48000.0
2323,中環,2013-09-10,0.0,Investment_Trust,0.0
2323,中環,2013-09-11,769000.0,Dealer,151000.0
2323,中環,2013-09-11,185000.0,Foreign_Investor,314000.0
2323,中環,2013-09-11,0.0,Investment_Trust,0.0
2323,中環,2013-09-12,20000.0,Dealer,11000.0
2323,中環,2013-09-12,205000.0,Foreign_Investor,37000.0
2323,中環,2013-09-12,7000.0,Investment_Trust,0.0
2323,中環,2013-09-13,110000.0,Dealer,191000.0
2323,中環,2013-09-13,136000.0,Foreign_Investor,0.0
2323,中環,2013-09-13,3000.0,Investment_Trust,0.0
2323,中環,2013-09-14,50000.0,Dealer,35000.0
2323,中環,2013-09-14,30000.0,Foreign_Investor,30000.0
2323,中環,2013-09-14,0.0,Investment_Trust,0.0
2323,中環,2013-09-16,116000.0,Dealer,16000.0
2323,中環,2013-09-16,243000.0,Foreign_Investor,12000.0
2323,中環,2013-09-16,0.0,Investment_Trust,0.0
2323,中環,2013-09-17,0.0,Dealer,185000.0
2323,中環,2013-09-17,312832.0,Foreign_Investor,0.0
2323,中環,2013-09-17,0.0,Investment_Trust,0.0
2323,中環,2013-09-18,54000.0,Dealer,107000.0
2323,中環,2013-09-18,841000.0,Foreign_Investor,490000.0
2323,中環,2013-09-18,0.0,Investment_Trust,0.0
2323,中環,2013-09-23,846000.0,Dealer,70000.0
2323,中環,2013-09-23,270000.0,Foreign_Investor,2187000.0
2323,中環,2013-09-23,0.0,Investment_Trust,0.0
2323,中環,2013-09-24,1344000.0,Dealer,355000.0
2323,中環,2013-09-24,204000.0,Foreign_Investor,1391389.0
2323,中環,2013-09-24,0.0,Investment_Trust,0.0
2323,中環,2013-09-25,1773000.0,Dealer,484000.0
2323,中環,2013-09-25,259000.0,Foreign_Investor,1526000.0
2323,中環,2013-09-25,0.0,Investment_Trust,0.0
2323,中環,2013-09-26,815000.0,Dealer,753000.0
2323,中環,2013-09-26,519000.0,Foreign_Investor,1003000.0
2323,中環,2013-09-26,0.0,Investment_Trust,0.0
2323,中環,2013-09-27,668000.0,Dealer,98000.0
2323,中環,2013-09-27,513416.0,Foreign_Investor,874000.0
2323,中環,2013-09-27,0.0,Investment_Trust,0.0
2323,中環,2013-09-30,398000.0,Dealer,72000.0
2323,中環,2013-09-30,203000.0,Foreign_Investor,245000.0
2323,中環,2013-09-30,0.0,Investment_Trust,500000.0
2323,中環,2013-10-01,433000.0,Dealer,75000.0
2323,中環,2013-10-01,108000.0,Foreign_Investor,5009000.0
2323,中環,2013-10-01,0.0,Investment_Trust,0.0
2323,中環,2013-10-02,146000.0,Dealer,555000.0
2323,中環,2013-10-02,113000.0,Foreign_Investor,445000.0
2323,中環,2013-10-02,0.0,Investment_Trust,0.0
2323,中環,2013-10-03,319000.0,Dealer,62000.0
2323,中環,2013-10-03,688000.0,Foreign_Investor,445000.0
2323,中環,2013-10-03,0.0,Investment_Trust,0.0
2323,中環,2013-10-04,19000.0,Dealer,364000.0
2323,中環,2013-10-04,242000.0,Foreign_Investor,537000.0
2323,中環,2013-10-04,0.0,Investment_Trust,0.0
2323,中環,2013-10-07,100000.0,Dealer,595000.0
2323,中環,2013-10-07,487000.0,Foreign_Investor,383000.0
2323,中環,2013-10-07,0.0,Investment_Trust,500000.0
2323,中環,2013-10-08,20000.0,Dealer,123000.0
2323,中環,2013-10-08,1001000.0,Foreign_Investor,139000.0
2323,中環,2013-10-08,0.0,Investment_Trust,0.0
2323,中環,2013-10-09,113000.0,Dealer,37000.0
2323,中環,2013-10-09,18000.0,Foreign_Investor,730000.0
2323,中環,2013-10-09,0.0,Investment_Trust,0.0
2323,中環,2013-10-11,113000.0,Dealer,272000.0
2323,中環,2013-10-11,444000.0,Foreign_Investor,1169581.0
2323,中環,2013-10-11,12000.0,Investment_Trust,0.0
2323,中環,2013-10-14,20000.0,Dealer,965000.0
2323,中環,2013-10-14,292000.0,Foreign_Investor,2411000.0
2323,中環,2013-10-14,0.0,Investment_Trust,0.0
2323,中環,2013-10-15,54000.0,Dealer,267000.0
2323,中環,2013-10-15,887000.0,Foreign_Investor,1243000.0
2323,中環,2013-10-15,0.0,Investment_Trust,1000000.0
2323,中環,2013-10-16,385000.0,Dealer,495000.0
2323,中環,2013-10-16,1465000.0,Foreign_Investor,629000.0
2323,中環,2013-10-16,0.0,Investment_Trust,0.0
2323,中環,2013-10-17,12000.0,Dealer,0.0
2323,中環,2013-10-17,151000.0,Foreign_Investor,330000.0
2323,中環,2013-10-17,0.0,Investment_Trust,0.0
2323,中環,2013-10-18,0.0,Dealer,0.0
2323,中環,2013-10-18,1372000.0,Foreign_Investor,550000.0
2323,中環,2013-10-18,0.0,Investment_Trust,0.0
2323,中環,2013-10-21,0.0,Dealer,237000.0
2323,中環,2013-10-21,139000.0,Foreign_Investor,324000.0
2323,中環,2013-10-21,0.0,Investment_Trust,0.0
2323,中環,2013-10-22,0.0,Dealer,5000.0
2323,中環,2013-10-22,77000.0,Foreign_Investor,99000.0
2323,中環,2013-10-22,0.0,Investment_Trust,49000.0
2323,中環,2013-10-23,179000.0,Dealer,93000.0
2323,中環,2013-10-23,263000.0,Foreign_Investor,557000.0
2323,中環,2013-10-23,0.0,Investment_Trust,0.0
2323,中環,2013-10-24,0.0,Dealer,0.0
2323,中環,2013-10-24,365000.0,Foreign_Investor,1342000.0
2323,中環,2013-10-24,0.0,Investment_Trust,0.0
2323,中環,2013-10-25,0.0,Dealer,117000.0
2323,中環,2013-10-25,527000.0,Foreign_Investor,691000.0
2323,中環,2013-10-25,0.0,Investment_Trust,0.0
2323,中環,2013-10-28,109000.0,Dealer,0.0
2323,中環,2013-10-28,1129000.0,Foreign_Investor,37000.0
2323,中環,2013-10-28,0.0,Investment_Trust,0.0
2323,中環,2013-10-29,0.0,Dealer,8000.0
2323,中環,2013-10-29,219000.0,Foreign_Investor,27000.0
2323,中環,2013-10-29,0.0,Investment_Trust,0.0
2323,中環,2013-10-30,0.0,Dealer,30000.0
2323,中環,2013-10-30,627000.0,Foreign_Investor,21000.0
2323,中環,2013-10-30,0.0,Investment_Trust,0.0
2323,中環,2013-10-31,0.0,Dealer,1000.0
2323,中環,2013-10-31,249000.0,Foreign_Investor,459000.0
2323,中環,2013-10-31,0.0,Investment_Trust,0.0
2323,中環,2013-11-01,0.0,Dealer,408000.0
2323,中環,2013-11-01,232000.0,Foreign_Investor,156000.0
2323,中環,2013-11-01,0.0,Investment_Trust,0.0
2323,中環,2013-11-04,0.0,Dealer,268000.0
2323,中環,2013-11-04,454000.0,Foreign_Investor,97000.0
2323,中環,2013-11-04,0.0,Investment_Trust,0.0
2323,中環,2013-11-05,0.0,Dealer,170000.0
2323,中環,2013-11-05,156000.0,Foreign_Investor,657000.0
2323,中環,2013-11-05,0.0,Investment_Trust,0.0
2323,中環,2013-11-06,20000.0,Dealer,527000.0
2323,中環,2013-11-06,381000.0,Foreign_Investor,38000.0
2323,中環,2013-11-06,0.0,Investment_Trust,0.0
2323,中環,2013-11-07,0.0,Dealer,33000.0
2323,中環,2013-11-07,64000.0,Foreign_Investor,686000.0
2323,中環,2013-11-07,0.0,Investment_Trust,0.0
2323,中環,2013-11-08,0.0,Dealer,620000.0
2323,中環,2013-11-08,101000.0,Foreign_Investor,554000.0
2323,中環,2013-11-08,0.0,Investment_Trust,0.0
2323,中環,2013-11-11,0.0,Dealer,5000.0
2323,中環,2013-11-11,707000.0,Foreign_Investor,179000.0
2323,中環,2013-11-11,0.0,Investment_Trust,0.0
2323,中環,2013-11-12,28000.0,Dealer,51000.0
2323,中環,2013-11-12,676000.0,Foreign_Investor,393000.0
2323,中環,2013-11-12,0.0,Investment_Trust,0.0
2323,中環,2013-11-13,0.0,Dealer,64000.0
2323,中環,2013-11-13,177000.0,Foreign_Investor,506000.0
2323,中環,2013-11-13,0.0,Investment_Trust,2092000.0
2323,中環,2013-11-14,0.0,Dealer,9000.0
2323,中環,2013-11-14,134000.0,Foreign_Investor,383000.0
2323,中環,2013-11-14,0.0,Investment_Trust,0.0
2323,中環,2013-11-15,0.0,Dealer,99000.0
2323,中環,2013-11-15,224000.0,Foreign_Investor,103000.0
2323,中環,2013-11-15,0.0,Investment_Trust,1950000.0
2323,中環,2013-11-18,0.0,Dealer,9000.0
2323,中環,2013-11-18,178000.0,Foreign_Investor,181000.0
2323,中環,2013-11-18,0.0,Investment_Trust,0.0
2323,中環,2013-11-19,0.0,Dealer,0.0
2323,中環,2013-11-19,207000.0,Foreign_Investor,514000.0
2323,中環,2013-11-19,0.0,Investment_Trust,0.0
2323,中環,2013-11-20,0.0,Dealer,201000.0
2323,中環,2013-11-20,152000.0,Foreign_Investor,270000.0
2323,中環,2013-11-20,0.0,Investment_Trust,2000000.0
2323,中環,2013-11-21,0.0,Dealer,35000.0
2323,中環,2013-11-21,31000.0,Foreign_Investor,206000.0
2323,中環,2013-11-21,0.0,Investment_Trust,0.0
2323,中環,2013-11-22,0.0,Dealer,0.0
2323,中環,2013-11-22,104000.0,Foreign_Investor,116000.0
2323,中環,2013-11-22,0.0,Investment_Trust,0.0
2323,中環,2013-11-25,0.0,Dealer,60000.0
2323,中環,2013-11-25,435000.0,Foreign_Investor,652000.0
2323,中環,2013-11-25,32254.0,Investment_Trust,0.0
2323,中環,2013-11-26,0.0,Dealer,1000.0
2323,中環,2013-11-26,694000.0,Foreign_Investor,690000.0
2323,中環,2013-11-26,0.0,Investment_Trust,0.0
2323,中環,2013-11-27,0.0,Dealer,0.0
2323,中環,2013-11-27,116000.0,Foreign_Investor,1026000.0
2323,中環,2013-11-27,0.0,Investment_Trust,0.0
2323,中環,2013-11-28,58000.0,Dealer,0.0
2323,中環,2013-11-28,884000.0,Foreign_Investor,86000.0
2323,中環,2013-11-28,0.0,Investment_Trust,0.0
2323,中環,2013-11-29,16000.0,Dealer,0.0
2323,中環,2013-11-29,352000.0,Foreign_Investor,70000.0
2323,中環,2013-11-29,0.0,Investment_Trust,0.0
2323,中環,2013-12-02,0.0,Dealer,2000.0
2323,中環,2013-12-02,130000.0,Foreign_Investor,693000.0
2323,中環,2013-12-02,0.0,Investment_Trust,0.0
2323,中環,2013-12-03,0.0,Dealer,2000.0
2323,中環,2013-12-03,460000.0,Foreign_Investor,150000.0
2323,中環,2013-12-03,0.0,Investment_Trust,0.0
2323,中環,2013-12-04,7000.0,Dealer,37000.0
2323,中環,2013-12-04,116000.0,Foreign_Investor,1118000.0
2323,中環,2013-12-04,0.0,Investment_Trust,1835000.0
2323,中環,2013-12-05,60000.0,Dealer,0.0
2323,中環,2013-12-05,58000.0,Foreign_Investor,684000.0
2323,中環,2013-12-05,0.0,Investment_Trust,1500000.0
2323,中環,2013-12-06,0.0,Dealer,0.0
2323,中環,2013-12-06,0.0,Foreign_Investor,141000.0
2323,中環,2013-12-06,0.0,Investment_Trust,0.0
2323,中環,2013-12-09,20000.0,Dealer,0.0
2323,中環,2013-12-09,130000.0,Foreign_Investor,590000.0
2323,中環,2013-12-09,0.0,Investment_Trust,0.0
2323,中環,2013-12-10,1000.0,Dealer,0.0
2323,中環,2013-12-10,150000.0,Foreign_Investor,223000.0
2323,中環,2013-12-10,0.0,Investment_Trust,0.0
2323,中環,2013-12-11,3000.0,Dealer,20000.0
2323,中環,2013-12-11,222000.0,Foreign_Investor,390000.0
2323,中環,2013-12-11,0.0,Investment_Trust,0.0
2323,中環,2013-12-12,0.0,Dealer,104000.0
2323,中環,2013-12-12,17000.0,Foreign_Investor,116000.0
2323,中環,2013-12-12,0.0,Investment_Trust,0.0
2323,中環,2013-12-13,40000.0,Dealer,90000.0
2323,中環,2013-12-13,111000.0,Foreign_Investor,21000.0
2323,中環,2013-12-13,0.0,Investment_Trust,2378000.0
2323,中環,2013-12-16,0.0,Dealer,35000.0
2323,中環,2013-12-16,109001.0,Foreign_Investor,500000.0
2323,中環,2013-12-16,0.0,Investment_Trust,0.0
2323,中環,2013-12-17,0.0,Dealer,23000.0
2323,中環,2013-12-17,4000.0,Foreign_Investor,27000.0
2323,中環,2013-12-17,0.0,Investment_Trust,2200000.0
2323,中環,2013-12-18,0.0,Dealer,0.0
2323,中環,2013-12-18,40000.0,Foreign_Investor,427000.0
2323,中環,2013-12-18,0.0,Investment_Trust,1785000.0
2323,中環,2013-12-19,0.0,Dealer,0.0
2323,中環,2013-12-19,140000.0,Foreign_Investor,66000.0
2323,中環,2013-12-19,0.0,Investment_Trust,0.0
2323,中環,2013-12-20,0.0,Dealer,0.0
2323,中環,2013-12-20,1655000.0,Foreign_Investor,1013000.0
2323,中環,2013-12-20,0.0,Investment_Trust,0.0
2323,中環,2013-12-23,0.0,Dealer,0.0
2323,中環,2013-12-23,49000.0,Foreign_Investor,16289.0
2323,中環,2013-12-23,0.0,Investment_Trust,0.0
2323,中環,2013-12-24,0.0,Dealer,0.0
2323,中環,2013-12-24,350000.0,Foreign_Investor,23000.0
2323,中環,2013-12-24,0.0,Investment_Trust,8000.0
2323,中環,2013-12-25,0.0,Dealer,0.0
2323,中環,2013-12-25,765000.0,Foreign_Investor,213000.0
2323,中環,2013-12-25,0.0,Investment_Trust,5000.0
2323,中環,2013-12-26,2000.0,Dealer,0.0
2323,中環,2013-12-26,281000.0,Foreign_Investor,1000.0
2323,中環,2013-12-26,0.0,Investment_Trust,0.0
2323,中環,2013-12-27,48000.0,Dealer,0.0
2323,中環,2013-12-27,550000.0,Foreign_Investor,1000.0
2323,中環,2013-12-27,0.0,Investment_Trust,0.0
2323,中環,2013-12-30,26000.0,Dealer,0.0
2323,中環,2013-12-30,424000.0,Foreign_Investor,57000.0
2323,中環,2013-12-30,28000.0,Investment_Trust,0.0
2323,中環,2013-12-31,54000.0,Dealer,68000.0
2323,中環,2013-12-31,112000.0,Foreign_Investor,904000.0
2323,中環,2013-12-31,0.0,Investment_Trust,2000.0
2323,中環,2014-01-02,16000.0,Dealer,0.0
2323,中環,2014-01-02,332000.0,Foreign_Investor,635000.0
2323,中環,2014-01-02,26000.0,Investment_Trust,1000.0
2323,中環,2014-01-03,0.0,Dealer,109000.0
2323,中環,2014-01-03,138000.0,Foreign_Investor,1111000.0
2323,中環,2014-01-03,0.0,Investment_Trust,0.0
2323,中環,2014-01-06,30000.0,Dealer,20000.0
2323,中環,2014-01-06,198111.0,Foreign_Investor,875000.0
2323,中環,2014-01-06,0.0,Investment_Trust,0.0
2323,中環,2014-01-07,43000.0,Dealer,46000.0
2323,中環,2014-01-07,1030000.0,Foreign_Investor,917000.0
2323,中環,2014-01-07,0.0,Investment_Trust,0.0
2323,中環,2014-01-08,0.0,Dealer,111000.0
2323,中環,2014-01-08,1379000.0,Foreign_Investor,602000.0
2323,中環,2014-01-08,0.0,Investment_Trust,0.0
2323,中環,2014-01-09,0.0,Dealer,100000.0
2323,中環,2014-01-09,603000.0,Foreign_Investor,1047000.0
2323,中環,2014-01-09,0.0,Investment_Trust,0.0
2323,中環,2014-01-10,0.0,Dealer,20000.0
2323,中環,2014-01-10,389000.0,Foreign_Investor,824000.0
2323,中環,2014-01-10,0.0,Investment_Trust,0.0
2323,中環,2014-01-13,2000.0,Dealer,60000.0
2323,中環,2014-01-13,330000.0,Foreign_Investor,1108000.0
2323,中環,2014-01-13,0.0,Investment_Trust,0.0
2323,中環,2014-01-14,26000.0,Dealer,30000.0
2323,中環,2014-01-14,357000.0,Foreign_Investor,802000.0
2323,中環,2014-01-14,0.0,Investment_Trust,0.0
2323,中環,2014-01-15,0.0,Dealer,94000.0
2323,中環,2014-01-15,1179000.0,Foreign_Investor,1796000.0
2323,中環,2014-01-15,0.0,Investment_Trust,0.0
2323,中環,2014-01-16,76000.0,Dealer,20000.0
2323,中環,2014-01-16,272000.0,Foreign_Investor,3111000.0
2323,中環,2014-01-16,0.0,Investment_Trust,0.0
2323,中環,2014-01-17,4000.0,Dealer,26000.0
2323,中環,2014-01-17,356000.0,Foreign_Investor,1145000.0
2323,中環,2014-01-17,0.0,Investment_Trust,1000.0
2323,中環,2014-01-20,0.0,Dealer,25000.0
2323,中環,2014-01-20,128000.0,Foreign_Investor,895000.0
2323,中環,2014-01-20,0.0,Investment_Trust,0.0
2323,中環,2014-01-21,0.0,Dealer,0.0
2323,中環,2014-01-21,3000.0,Foreign_Investor,656000.0
2323,中環,2014-01-21,0.0,Investment_Trust,2000.0
2323,中環,2014-01-22,0.0,Dealer,0.0
2323,中環,2014-01-22,1000.0,Foreign_Investor,2366000.0
2323,中環,2014-01-22,0.0,Investment_Trust,1000.0
2323,中環,2014-01-23,0.0,Dealer,0.0
2323,中環,2014-01-23,1000.0,Foreign_Investor,1268000.0
2323,中環,2014-01-23,0.0,Investment_Trust,0.0
2323,中環,2014-01-24,0.0,Dealer,0.0
2323,中環,2014-01-24,14000.0,Foreign_Investor,912000.0
2323,中環,2014-01-24,2000.0,Investment_Trust,0.0
2323,中環,2014-01-27,2000.0,Dealer,17000.0
2323,中環,2014-01-27,512000.0,Foreign_Investor,1868066.0
2323,中環,2014-01-27,0.0,Investment_Trust,1000.0
2323,中環,2014-02-05,0.0,Dealer,37000.0
2323,中環,2014-02-05,78000.0,Foreign_Investor,4546000.0
2323,中環,2014-02-05,0.0,Investment_Trust,0.0
2323,中環,2014-02-06,0.0,Dealer,26000.0
2323,中環,2014-02-06,69000.0,Foreign_Investor,2542000.0
2323,中環,2014-02-06,0.0,Investment_Trust,0.0
2323,中環,2014-02-07,0.0,Dealer,18000.0
2323,中環,2014-02-07,0.0,Foreign_Investor,2399000.0
2323,中環,2014-02-07,0.0,Investment_Trust,0.0
2323,中環,2014-02-10,0.0,Dealer,16000.0
2323,中環,2014-02-10,151000.0,Foreign_Investor,1574000.0
2323,中環,2014-02-10,0.0,Investment_Trust,0.0
2323,中環,2014-02-11,0.0,Dealer,27000.0
2323,中環,2014-02-11,86000.0,Foreign_Investor,394000.0
2323,中環,2014-02-11,0.0,Investment_Trust,1000.0
2323,中環,2014-02-12,0.0,Dealer,5000.0
2323,中環,2014-02-12,35000.0,Foreign_Investor,460000.0
2323,中環,2014-02-12,0.0,Investment_Trust,0.0
2323,中環,2014-02-13,24000.0,Dealer,33000.0
2323,中環,2014-02-13,469000.0,Foreign_Investor,943000.0
2323,中環,2014-02-13,0.0,Investment_Trust,18932.0
2323,中環,2014-02-14,9000.0,Dealer,0.0
2323,中環,2014-02-14,95000.0,Foreign_Investor,476000.0
2323,中環,2014-02-14,0.0,Investment_Trust,0.0
2323,中環,2014-02-17,0.0,Dealer,0.0
2323,中環,2014-02-17,10000.0,Foreign_Investor,391000.0
2323,中環,2014-02-17,0.0,Investment_Trust,0.0
2323,中環,2014-02-18,17000.0,Dealer,0.0
2323,中環,2014-02-18,434000.0,Foreign_Investor,0.0
2323,中環,2014-02-18,0.0,Investment_Trust,0.0
2323,中環,2014-02-19,27000.0,Dealer,0.0
2323,中環,2014-02-19,706000.0,Foreign_Investor,947000.0
2323,中環,2014-02-19,0.0,Investment_Trust,29000.0
2323,中環,2014-02-20,0.0,Dealer,37000.0
2323,中環,2014-02-20,1347000.0,Foreign_Investor,642000.0
2323,中環,2014-02-20,0.0,Investment_Trust,33000.0
2323,中環,2014-02-21,0.0,Dealer,0.0
2323,中環,2014-02-21,1463000.0,Foreign_Investor,1694000.0
2323,中環,2014-02-21,0.0,Investment_Trust,0.0
2323,中環,2014-02-24,70000.0,Dealer,0.0
2323,中環,2014-02-24,323000.0,Foreign_Investor,759000.0
2323,中環,2014-02-24,0.0,Investment_Trust,2000.0
2323,中環,2014-02-25,20000.0,Dealer,0.0
2323,中環,2014-02-25,7000.0,Foreign_Investor,917000.0
2323,中環,2014-02-25,0.0,Investment_Trust,0.0
2323,中環,2014-02-26,0.0,Dealer,0.0
2323,中環,2014-02-26,398000.0,Foreign_Investor,659000.0
2323,中環,2014-02-26,0.0,Investment_Trust,0.0
2323,中環,2014-02-27,0.0,Dealer,0.0
2323,中環,2014-02-27,600005.0,Foreign_Investor,129005.0
2323,中環,2014-02-27,0.0,Investment_Trust,0.0
2323,中環,2014-03-03,0.0,Dealer,36000.0
2323,中環,2014-03-03,2000.0,Foreign_Investor,1669000.0
2323,中環,2014-03-03,0.0,Investment_Trust,0.0
2323,中環,2014-03-04,0.0,Dealer,0.0
2323,中環,2014-03-04,199000.0,Foreign_Investor,434000.0
2323,中環,2014-03-04,0.0,Investment_Trust,0.0
2323,中環,2014-03-05,0.0,Dealer,0.0
2323,中環,2014-03-05,34000.0,Foreign_Investor,1091000.0
2323,中環,2014-03-05,0.0,Investment_Trust,0.0
2323,中環,2014-03-06,0.0,Dealer,5000.0
2323,中環,2014-03-06,69000.0,Foreign_Investor,1209000.0
2323,中環,2014-03-06,0.0,Investment_Trust,2000.0
2323,中環,2014-03-07,0.0,Dealer,0.0
2323,中環,2014-03-07,115000.0,Foreign_Investor,4867000.0
2323,中環,2014-03-07,0.0,Investment_Trust,2000.0
2323,中環,2014-03-10,4000.0,Dealer,30000.0
2323,中環,2014-03-10,560000.0,Foreign_Investor,2049000.0
2323,中環,2014-03-10,0.0,Investment_Trust,5000.0
2323,中環,2014-03-11,0.0,Dealer,10000.0
2323,中環,2014-03-11,1000.0,Foreign_Investor,1978000.0
2323,中環,2014-03-11,0.0,Investment_Trust,3000.0
2323,中環,2014-03-12,0.0,Dealer,2000.0
2323,中環,2014-03-12,8000.0,Foreign_Investor,1254000.0
2323,中環,2014-03-12,0.0,Investment_Trust,0.0
2323,中環,2014-03-13,8000.0,Dealer,2000.0
2323,中環,2014-03-13,704000.0,Foreign_Investor,554000.0
2323,中環,2014-03-13,0.0,Investment_Trust,0.0
2323,中環,2014-03-14,109000.0,Dealer,0.0
2323,中環,2014-03-14,430000.0,Foreign_Investor,815000.0
2323,中環,2014-03-14,0.0,Investment_Trust,2000.0
2323,中環,2014-03-17,0.0,Dealer,0.0
2323,中環,2014-03-17,592000.0,Foreign_Investor,1145000.0
2323,中環,2014-03-17,0.0,Investment_Trust,1000.0
2323,中環,2014-03-18,0.0,Dealer,0.0
2323,中環,2014-03-18,34000.0,Foreign_Investor,1823000.0
2323,中環,2014-03-18,0.0,Investment_Trust,0.0
2323,中環,2014-03-19,39000.0,Dealer,46000.0
2323,中環,2014-03-19,58000.0,Foreign_Investor,851000.0
2323,中環,2014-03-19,0.0,Investment_Trust,5000.0
2323,中環,2014-03-20,6000.0,Dealer,26000.0
2323,中環,2014-03-20,75000.0,Foreign_Investor,1520000.0
2323,中環,2014-03-20,0.0,Investment_Trust,0.0
2323,中環,2014-03-21,2000.0,Dealer,14000.0
2323,中環,2014-03-21,383000.0,Foreign_Investor,3275000.0
2323,中環,2014-03-21,0.0,Investment_Trust,0.0
2323,中環,2014-03-24,36000.0,Dealer,0.0
2323,中環,2014-03-24,143001.0,Foreign_Investor,1498000.0
2323,中環,2014-03-24,0.0,Investment_Trust,0.0
2323,中環,2014-03-25,0.0,Dealer,13000.0
2323,中環,2014-03-25,122000.0,Foreign_Investor,1851000.0
2323,中環,2014-03-25,0.0,Investment_Trust,0.0
2323,中環,2014-03-26,0.0,Dealer,0.0
2323,中環,2014-03-26,7000.0,Foreign_Investor,1388000.0
2323,中環,2014-03-26,0.0,Investment_Trust,0.0
2323,中環,2014-03-27,0.0,Dealer,0.0
2323,中環,2014-03-27,0.0,Foreign_Investor,1292000.0
2323,中環,2014-03-27,0.0,Investment_Trust,0.0
2323,中環,2014-03-28,0.0,Dealer,0.0
2323,中環,2014-03-28,0.0,Foreign_Investor,1639000.0
2323,中環,2014-03-28,0.0,Investment_Trust,2000.0
2323,中環,2014-03-31,0.0,Dealer,5000.0
2323,中環,2014-03-31,335000.0,Foreign_Investor,215000.0
2323,中環,2014-03-31,0.0,Investment_Trust,0.0
2323,中環,2014-04-01,0.0,Dealer,2000.0
2323,中環,2014-04-01,57000.0,Foreign_Investor,1495000.0
2323,中環,2014-04-01,0.0,Investment_Trust,72000.0
2323,中環,2014-04-02,0.0,Dealer,0.0
2323,中環,2014-04-02,46000.0,Foreign_Investor,415000.0
2323,中環,2014-04-02,0.0,Investment_Trust,0.0
2323,中環,2014-04-03,0.0,Dealer,18000.0
2323,中環,2014-04-03,253000.0,Foreign_Investor,1899000.0
2323,中環,2014-04-03,0.0,Investment_Trust,55000.0
2323,中環,2014-04-07,0.0,Dealer,3000.0
2323,中環,2014-04-07,78000.0,Foreign_Investor,1093000.0
2323,中環,2014-04-07,0.0,Investment_Trust,7000.0
2323,中環,2014-04-08,23000.0,Dealer,14000.0
2323,中環,2014-04-08,282000.0,Foreign_Investor,104000.0
2323,中環,2014-04-08,0.0,Investment_Trust,0.0
2323,中環,2014-04-09,0.0,Dealer,0.0
2323,中環,2014-04-09,502000.0,Foreign_Investor,1551000.0
2323,中環,2014-04-09,0.0,Investment_Trust,0.0
2323,中環,2014-04-10,0.0,Dealer,48000.0
2323,中環,2014-04-10,2000.0,Foreign_Investor,1796000.0
2323,中環,2014-04-10,0.0,Investment_Trust,125946.0
2323,中環,2014-04-11,0.0,Dealer,0.0
2323,中環,2014-04-11,58000.0,Foreign_Investor,1120000.0
2323,中環,2014-04-11,0.0,Investment_Trust,0.0
2323,中環,2014-04-14,6000.0,Dealer,0.0
2323,中環,2014-04-14,6000.0,Foreign_Investor,1077000.0
2323,中環,2014-04-14,0.0,Investment_Trust,0.0
2323,中環,2014-04-15,18000.0,Dealer,7000.0
2323,中環,2014-04-15,13000.0,Foreign_Investor,951000.0
2323,中環,2014-04-15,0.0,Investment_Trust,0.0
2323,中環,2014-04-16,189000.0,Dealer,144000.0
2323,中環,2014-04-16,1109000.0,Foreign_Investor,1029000.0
2323,中環,2014-04-16,0.0,Investment_Trust,0.0
2323,中環,2014-04-17,0.0,Dealer,115000.0
2323,中環,2014-04-17,501000.0,Foreign_Investor,110000.0
2323,中環,2014-04-17,0.0,Investment_Trust,0.0
2323,中環,2014-04-18,0.0,Dealer,165000.0
2323,中環,2014-04-18,6000.0,Foreign_Investor,105000.0
2323,中環,2014-04-18,0.0,Investment_Trust,0.0
2323,中環,2014-04-21,0.0,Dealer,3000.0
2323,中環,2014-04-21,0.0,Foreign_Investor,416000.0
2323,中環,2014-04-21,0.0,Investment_Trust,5000.0
2323,中環,2014-04-22,20000.0,Dealer,0.0
2323,中環,2014-04-22,36000.0,Foreign_Investor,3000.0
2323,中環,2014-04-22,0.0,Investment_Trust,0.0
2323,中環,2014-04-23,0.0,Dealer,0.0
2323,中環,2014-04-23,2000.0,Foreign_Investor,1109000.0
2323,中環,2014-04-23,0.0,Investment_Trust,0.0
2323,中環,2014-04-24,0.0,Dealer,0.0
2323,中環,2014-04-24,65000.0,Foreign_Investor,1987000.0
2323,中環,2014-04-24,0.0,Investment_Trust,0.0
2323,中環,2014-04-25,0.0,Dealer,26249.0
2323,中環,2014-04-25,1284000.0,Foreign_Investor,556000.0
2323,中環,2014-04-25,0.0,Investment_Trust,0.0
2323,中環,2014-04-28,19000.0,Dealer,0.0
2323,中環,2014-04-28,341000.0,Foreign_Investor,847000.0
2323,中環,2014-04-28,0.0,Investment_Trust,0.0
2323,中環,2014-04-29,40000.0,Dealer,5000.0
2323,中環,2014-04-29,783000.0,Foreign_Investor,532000.0
2323,中環,2014-04-29,0.0,Investment_Trust,0.0
2323,中環,2014-04-30,0.0,Dealer,7000.0
2323,中環,2014-04-30,86000.0,Foreign_Investor,2106000.0
2323,中環,2014-04-30,4000.0,Investment_Trust,0.0
2323,中環,2014-05-02,0.0,Dealer,0.0
2323,中環,2014-05-02,48000.0,Foreign_Investor,61000.0
2323,中環,2014-05-02,0.0,Investment_Trust,0.0
2323,中環,2014-05-05,2000.0,Dealer,48000.0
2323,中環,2014-05-05,2000.0,Foreign_Investor,1069000.0
2323,中環,2014-05-05,0.0,Investment_Trust,0.0
2323,中環,2014-05-06,0.0,Dealer,5000.0
2323,中環,2014-05-06,170000.0,Foreign_Investor,3424000.0
2323,中環,2014-05-06,0.0,Investment_Trust,0.0
2323,中環,2014-05-07,0.0,Dealer,2000.0
2323,中環,2014-05-07,62000.0,Foreign_Investor,1431000.0
2323,中環,2014-05-07,0.0,Investment_Trust,0.0
2323,中環,2014-05-08,0.0,Dealer,0.0
2323,中環,2014-05-08,262000.0,Foreign_Investor,2683000.0
2323,中環,2014-05-08,0.0,Investment_Trust,0.0
2323,中環,2014-05-09,0.0,Dealer,0.0
2323,中環,2014-05-09,5000.0,Foreign_Investor,3462351.0
2323,中環,2014-05-09,0.0,Investment_Trust,0.0
2323,中環,2014-05-12,0.0,Dealer,0.0
2323,中環,2014-05-12,336000.0,Foreign_Investor,2642000.0
2323,中環,2014-05-12,0.0,Investment_Trust,0.0
2323,中環,2014-05-13,16000.0,Dealer,0.0
2323,中環,2014-05-13,9000.0,Foreign_Investor,4782000.0
2323,中環,2014-05-13,0.0,Investment_Trust,0.0
2323,中環,2014-05-14,112000.0,Dealer,10000.0
2323,中環,2014-05-14,372000.0,Foreign_Investor,5749649.0
2323,中環,2014-05-14,0.0,Investment_Trust,0.0
2323,中環,2014-05-15,10000.0,Dealer,0.0
2323,中環,2014-05-15,17000.0,Foreign_Investor,184000.0
2323,中環,2014-05-15,0.0,Investment_Trust,0.0
2323,中環,2014-05-16,0.0,Dealer,0.0
2323,中環,2014-05-16,183000.0,Foreign_Investor,103000.0
2323,中環,2014-05-16,0.0,Investment_Trust,0.0
2323,中環,2014-05-19,0.0,Dealer,34000.0
2323,中環,2014-05-19,204000.0,Foreign_Investor,28000.0
2323,中環,2014-05-19,0.0,Investment_Trust,0.0
2323,中環,2014-05-20,0.0,Dealer,0.0
2323,中環,2014-05-20,62000.0,Foreign_Investor,1679125.0
2323,中環,2014-05-20,0.0,Investment_Trust,0.0
2323,中環,2014-05-21,150000.0,Dealer,0.0
2323,中環,2014-05-21,96000.0,Foreign_Investor,1008000.0
2323,中環,2014-05-21,0.0,Investment_Trust,0.0
2323,中環,2014-05-22,0.0,Dealer,89000.0
2323,中環,2014-05-22,735000.0,Foreign_Investor,1488000.0
2323,中環,2014-05-22,0.0,Investment_Trust,0.0
2323,中環,2014-05-23,0.0,Dealer,0.0
2323,中環,2014-05-23,339000.0,Foreign_Investor,342000.0
2323,中環,2014-05-23,0.0,Investment_Trust,0.0
2323,中環,2014-05-26,0.0,Dealer,0.0
2323,中環,2014-05-26,315000.0,Foreign_Investor,74000.0
2323,中環,2014-05-26,0.0,Investment_Trust,15000.0
2323,中環,2014-05-27,0.0,Dealer,36000.0
2323,中環,2014-05-27,10000.0,Foreign_Investor,16000.0
2323,中環,2014-05-27,0.0,Investment_Trust,49000.0
2323,中環,2014-05-28,17000.0,Dealer,0.0
2323,中環,2014-05-28,190000.0,Foreign_Investor,109000.0
2323,中環,2014-05-28,0.0,Investment_Trust,0.0
2323,中環,2014-05-29,13000.0,Dealer,0.0
2323,中環,2014-05-29,627000.0,Foreign_Investor,64000.0
2323,中環,2014-05-29,0.0,Investment_Trust,0.0
2323,中環,2014-05-30,0.0,Dealer,24000.0
2323,中環,2014-05-30,115000.0,Foreign_Investor,2986000.0
2323,中環,2014-05-30,0.0,Investment_Trust,0.0
2323,中環,2014-06-03,0.0,Dealer,0.0
2323,中環,2014-06-03,60000.0,Foreign_Investor,782000.0
2323,中環,2014-06-03,0.0,Investment_Trust,0.0
2323,中環,2014-06-04,36000.0,Dealer,8000.0
2323,中環,2014-06-04,1187000.0,Foreign_Investor,1728000.0
2323,中環,2014-06-04,0.0,Investment_Trust,0.0
2323,中環,2014-06-05,0.0,Dealer,53000.0
2323,中環,2014-06-05,878000.0,Foreign_Investor,4345000.0
2323,中環,2014-06-05,0.0,Investment_Trust,0.0
2323,中環,2014-06-06,0.0,Dealer,0.0
2323,中環,2014-06-06,16000.0,Foreign_Investor,619000.0
2323,中環,2014-06-06,0.0,Investment_Trust,0.0
2323,中環,2014-06-09,0.0,Dealer,0.0
2323,中環,2014-06-09,357000.0,Foreign_Investor,1454000.0
2323,中環,2014-06-09,0.0,Investment_Trust,0.0
2323,中環,2014-06-10,0.0,Dealer,0.0
2323,中環,2014-06-10,378000.0,Foreign_Investor,2478000.0
2323,中環,2014-06-10,0.0,Investment_Trust,0.0
2323,中環,2014-06-11,0.0,Dealer,0.0
2323,中環,2014-06-11,533000.0,Foreign_Investor,2235000.0
2323,中環,2014-06-11,0.0,Investment_Trust,0.0
2323,中環,2014-06-12,0.0,Dealer,0.0
2323,中環,2014-06-12,1216000.0,Foreign_Investor,2166000.0
2323,中環,2014-06-12,0.0,Investment_Trust,0.0
2323,中環,2014-06-13,0.0,Dealer,0.0
2323,中環,2014-06-13,76000.0,Foreign_Investor,102000.0
2323,中環,2014-06-13,0.0,Investment_Trust,0.0
2323,中環,2014-06-16,0.0,Dealer,0.0
2323,中環,2014-06-16,393000.0,Foreign_Investor,20000.0
2323,中環,2014-06-16,0.0,Investment_Trust,4000.0
2323,中環,2014-06-17,0.0,Dealer,0.0
2323,中環,2014-06-17,164000.0,Foreign_Investor,443000.0
2323,中環,2014-06-17,0.0,Investment_Trust,0.0
2323,中環,2014-06-18,370000.0,Dealer,0.0
2323,中環,2014-06-18,2010000.0,Foreign_Investor,3659000.0
2323,中環,2014-06-18,0.0,Investment_Trust,0.0
2323,中環,2014-06-19,118000.0,Dealer,46000.0
2323,中環,2014-06-19,311000.0,Foreign_Investor,2130000.0
2323,中環,2014-06-19,0.0,Investment_Trust,0.0
2323,中環,2014-06-20,156000.0,Dealer,0.0
2323,中環,2014-06-20,199000.0,Foreign_Investor,293000.0
2323,中環,2014-06-20,0.0,Investment_Trust,0.0
2323,中環,2014-06-23,20000.0,Dealer,182000.0
2323,中環,2014-06-23,508000.0,Foreign_Investor,2068000.0
2323,中環,2014-06-23,0.0,Investment_Trust,0.0
2323,中環,2014-06-24,0.0,Dealer,0.0
2323,中環,2014-06-24,590000.0,Foreign_Investor,16000.0
2323,中環,2014-06-24,0.0,Investment_Trust,0.0
2323,中環,2014-06-25,0.0,Dealer,0.0
2323,中環,2014-06-25,490000.0,Foreign_Investor,1174000.0
2323,中環,2014-06-25,0.0,Investment_Trust,0.0
2323,中環,2014-06-26,1000.0,Dealer,0.0
2323,中環,2014-06-26,565000.0,Foreign_Investor,508000.0
2323,中環,2014-06-26,0.0,Investment_Trust,0.0
2323,中環,2014-06-27,2000.0,Dealer,0.0
2323,中環,2014-06-27,496000.0,Foreign_Investor,3389000.0
2323,中環,2014-06-27,0.0,Investment_Trust,0.0
2323,中環,2014-06-30,19000.0,Dealer,0.0
2323,中環,2014-06-30,751000.0,Foreign_Investor,1051000.0
2323,中環,2014-06-30,9000.0,Investment_Trust,0.0
2323,中環,2014-07-01,1000.0,Dealer,0.0
2323,中環,2014-07-01,319000.0,Foreign_Investor,896000.0
2323,中環,2014-07-01,0.0,Investment_Trust,0.0
2323,中環,2014-07-02,0.0,Dealer,0.0
2323,中環,2014-07-02,684000.0,Foreign_Investor,1680000.0
2323,中環,2014-07-02,0.0,Investment_Trust,0.0
2323,中環,2014-07-03,109000.0,Dealer,0.0
2323,中環,2014-07-03,449000.0,Foreign_Investor,952000.0
2323,中環,2014-07-03,0.0,Investment_Trust,0.0
2323,中環,2014-07-04,188000.0,Dealer,0.0
2323,中環,2014-07-04,419000.0,Foreign_Investor,580000.0
2323,中環,2014-07-04,0.0,Investment_Trust,0.0
2323,中環,2014-07-07,22000.0,Dealer,40000.0
2323,中環,2014-07-07,378000.0,Foreign_Investor,331000.0
2323,中環,2014-07-07,0.0,Investment_Trust,0.0
2323,中環,2014-07-08,0.0,Dealer,0.0
2323,中環,2014-07-08,1539000.0,Foreign_Investor,528000.0
2323,中環,2014-07-08,0.0,Investment_Trust,0.0
2323,中環,2014-07-09,10000.0,Dealer,0.0
2323,中環,2014-07-09,1149000.0,Foreign_Investor,1852000.0
2323,中環,2014-07-09,0.0,Investment_Trust,0.0
2323,中環,2014-07-10,38000.0,Dealer,0.0
2323,中環,2014-07-10,391000.0,Foreign_Investor,3849000.0
2323,中環,2014-07-10,0.0,Investment_Trust,0.0
2323,中環,2014-07-11,129000.0,Dealer,0.0
2323,中環,2014-07-11,686000.0,Foreign_Investor,58000.0
2323,中環,2014-07-11,0.0,Investment_Trust,0.0
2323,中環,2014-07-14,0.0,Dealer,0.0
2323,中環,2014-07-14,570000.0,Foreign_Investor,88000.0
2323,中環,2014-07-14,0.0,Investment_Trust,0.0
2323,中環,2014-07-15,0.0,Dealer,36000.0
2323,中環,2014-07-15,443000.0,Foreign_Investor,231000.0
2323,中環,2014-07-15,0.0,Investment_Trust,0.0
2323,中環,2014-07-16,382000.0,Dealer,626000.0
2323,中環,2014-07-16,947000.0,Foreign_Investor,35000.0
2323,中環,2014-07-16,0.0,Investment_Trust,0.0
2323,中環,2014-07-17,56000.0,Dealer,38000.0
2323,中環,2014-07-17,997000.0,Foreign_Investor,231000.0
2323,中環,2014-07-17,0.0,Investment_Trust,0.0
2323,中環,2014-07-18,78000.0,Dealer,0.0
2323,中環,2014-07-18,381000.0,Foreign_Investor,171000.0
2323,中環,2014-07-18,0.0,Investment_Trust,0.0
2323,中環,2014-07-21,106000.0,Dealer,0.0
2323,中環,2014-07-21,223000.0,Foreign_Investor,208000.0
2323,中環,2014-07-21,0.0,Investment_Trust,0.0
2323,中環,2014-07-22,11000.0,Dealer,50000.0
2323,中環,2014-07-22,442000.0,Foreign_Investor,539000.0
2323,中環,2014-07-22,0.0,Investment_Trust,0.0
2323,中環,2014-07-24,10000.0,Dealer,0.0
2323,中環,2014-07-24,147000.0,Foreign_Investor,0.0
2323,中環,2014-07-24,0.0,Investment_Trust,0.0
2323,中環,2014-07-25,24000.0,Dealer,0.0
2323,中環,2014-07-25,542000.0,Foreign_Investor,298000.0
2323,中環,2014-07-25,0.0,Investment_Trust,0.0
2323,中環,2014-07-28,159000.0,Dealer,0.0
2323,中環,2014-07-28,662000.0,Foreign_Investor,68000.0
2323,中環,2014-07-28,0.0,Investment_Trust,0.0
2323,中環,2014-07-29,62000.0,Dealer,0.0
2323,中環,2014-07-29,825000.0,Foreign_Investor,233000.0
2323,中環,2014-07-29,0.0,Investment_Trust,0.0
2323,中環,2014-07-30,10000.0,Dealer,0.0
2323,中環,2014-07-30,1810000.0,Foreign_Investor,16000.0
2323,中環,2014-07-30,65000.0,Investment_Trust,0.0
2323,中環,2014-07-31,0.0,Dealer,40000.0
2323,中環,2014-07-31,418000.0,Foreign_Investor,418000.0
2323,中環,2014-07-31,1000.0,Investment_Trust,0.0
2323,中環,2014-08-01,3000.0,Dealer,101000.0
2323,中環,2014-08-01,521000.0,Foreign_Investor,240000.0
2323,中環,2014-08-01,0.0,Investment_Trust,0.0
2323,中環,2014-08-04,0.0,Dealer,0.0
2323,中環,2014-08-04,280000.0,Foreign_Investor,411000.0
2323,中環,2014-08-04,0.0,Investment_Trust,0.0
2323,中環,2014-08-05,0.0,Dealer,0.0
2323,中環,2014-08-05,1111000.0,Foreign_Investor,218000.0
2323,中環,2014-08-05,0.0,Investment_Trust,0.0
2323,中環,2014-08-06,0.0,Dealer,50000.0
2323,中環,2014-08-06,2389000.0,Foreign_Investor,1192000.0
2323,中環,2014-08-06,0.0,Investment_Trust,0.0
2323,中環,2014-08-07,0.0,Dealer,0.0
2323,中環,2014-08-07,687000.0,Foreign_Investor,305000.0
2323,中環,2014-08-07,0.0,Investment_Trust,0.0
2323,中環,2014-08-08,0.0,Dealer,212000.0
2323,中環,2014-08-08,36000.0,Foreign_Investor,393000.0
2323,中環,2014-08-08,0.0,Investment_Trust,0.0
2323,中環,2014-08-11,0.0,Dealer,0.0
2323,中環,2014-08-11,452000.0,Foreign_Investor,1078000.0
2323,中環,2014-08-11,0.0,Investment_Trust,0.0
2323,中環,2014-08-12,0.0,Dealer,8000.0
2323,中環,2014-08-12,373000.0,Foreign_Investor,729000.0
2323,中環,2014-08-12,0.0,Investment_Trust,5000.0
2323,中環,2014-08-13,0.0,Dealer,75000.0
2323,中環,2014-08-13,2270000.0,Foreign_Investor,786364.0
2323,中環,2014-08-13,0.0,Investment_Trust,0.0
2323,中環,2014-08-14,0.0,Dealer,8000.0
2323,中環,2014-08-14,11000.0,Foreign_Investor,1354000.0
2323,中環,2014-08-14,0.0,Investment_Trust,0.0
2323,中環,2014-08-15,0.0,Dealer,10000.0
2323,中環,2014-08-15,63000.0,Foreign_Investor,303000.0
2323,中環,2014-08-15,0.0,Investment_Trust,0.0
2323,中環,2014-08-18,33000.0,Dealer,52000.0
2323,中環,2014-08-18,43000.0,Foreign_Investor,1201000.0
2323,中環,2014-08-18,0.0,Investment_Trust,0.0
2323,中環,2014-08-19,0.0,Dealer,0.0
2323,中環,2014-08-19,572000.0,Foreign_Investor,629000.0
2323,中環,2014-08-19,0.0,Investment_Trust,0.0
2323,中環,2014-08-20,0.0,Dealer,185000.0
2323,中環,2014-08-20,571000.0,Foreign_Investor,34000.0
2323,中環,2014-08-20,0.0,Investment_Trust,0.0
2323,中環,2014-08-21,0.0,Dealer,0.0
2323,中環,2014-08-21,186000.0,Foreign_Investor,319000.0
2323,中環,2014-08-21,0.0,Investment_Trust,104000.0
2323,中環,2014-08-22,0.0,Dealer,63000.0
2323,中環,2014-08-22,962000.0,Foreign_Investor,163000.0
2323,中環,2014-08-22,0.0,Investment_Trust,0.0
2323,中環,2014-08-25,0.0,Dealer,1000.0
2323,中環,2014-08-25,1282000.0,Foreign_Investor,33000.0
2323,中環,2014-08-25,0.0,Investment_Trust,0.0
2323,中環,2014-08-26,0.0,Dealer,0.0
2323,中環,2014-08-26,2843000.0,Foreign_Investor,40000.0
2323,中環,2014-08-26,0.0,Investment_Trust,0.0
2323,中環,2014-08-27,0.0,Dealer,0.0
2323,中環,2014-08-27,2903000.0,Foreign_Investor,339000.0
2323,中環,2014-08-27,0.0,Investment_Trust,0.0
2323,中環,2014-08-28,0.0,Dealer,0.0
2323,中環,2014-08-28,540000.0,Foreign_Investor,77000.0
2323,中環,2014-08-28,4000.0,Investment_Trust,0.0
2323,中環,2014-08-29,0.0,Dealer,0.0
2323,中環,2014-08-29,1090000.0,Foreign_Investor,0.0
2323,中環,2014-08-29,0.0,Investment_Trust,0.0
2323,中環,2014-09-01,3000.0,Dealer,0.0
2323,中環,2014-09-01,409000.0,Foreign_Investor,61000.0
2323,中環,2014-09-01,0.0,Investment_Trust,0.0
2323,中環,2014-09-02,0.0,Dealer,0.0
2323,中環,2014-09-02,263000.0,Foreign_Investor,13000.0
2323,中環,2014-09-02,0.0,Investment_Trust,0.0
2323,中環,2014-09-03,0.0,Dealer,0.0
2323,中環,2014-09-03,1655000.0,Foreign_Investor,0.0
2323,中環,2014-09-03,0.0,Investment_Trust,0.0
2323,中環,2014-09-04,0.0,Dealer,8000.0
2323,中環,2014-09-04,235000.0,Foreign_Investor,398000.0
2323,中環,2014-09-04,0.0,Investment_Trust,0.0
2323,中環,2014-09-05,0.0,Dealer,0.0
2323,中環,2014-09-05,364000.0,Foreign_Investor,93000.0
2323,中環,2014-09-05,0.0,Investment_Trust,0.0
2323,中環,2014-09-09,0.0,Dealer,0.0
2323,中環,2014-09-09,150000.0,Foreign_Investor,60000.0
2323,中環,2014-09-09,0.0,Investment_Trust,0.0
2323,中環,2014-09-10,0.0,Dealer,0.0
2323,中環,2014-09-10,309000.0,Foreign_Investor,60000.0
2323,中環,2014-09-10,0.0,Investment_Trust,0.0
2323,中環,2014-09-11,0.0,Dealer,0.0
2323,中環,2014-09-11,368000.0,Foreign_Investor,283000.0
2323,中環,2014-09-11,0.0,Investment_Trust,0.0
2323,中環,2014-09-12,0.0,Dealer,0.0
2323,中環,2014-09-12,422000.0,Foreign_Investor,221000.0
2323,中環,2014-09-12,0.0,Investment_Trust,0.0
2323,中環,2014-09-15,0.0,Dealer,0.0
2323,中環,2014-09-15,633000.0,Foreign_Investor,112000.0
2323,中環,2014-09-15,2000.0,Investment_Trust,0.0
2323,中環,2014-09-16,0.0,Dealer,0.0
2323,中環,2014-09-16,392000.0,Foreign_Investor,232000.0
2323,中環,2014-09-16,1000.0,Investment_Trust,0.0
2323,中環,2014-09-17,0.0,Dealer,47000.0
2323,中環,2014-09-17,995000.0,Foreign_Investor,1082000.0
2323,中環,2014-09-17,0.0,Investment_Trust,0.0
2323,中環,2014-09-18,0.0,Dealer,0.0
2323,中環,2014-09-18,572000.0,Foreign_Investor,472000.0
2323,中環,2014-09-18,0.0,Investment_Trust,0.0
2323,中環,2014-09-19,0.0,Dealer,0.0
2323,中環,2014-09-19,617000.0,Foreign_Investor,107000.0
2323,中環,2014-09-19,0.0,Investment_Trust,0.0
2323,中環,2014-09-22,0.0,Dealer,14000.0
2323,中環,2014-09-22,1090000.0,Foreign_Investor,214000.0
2323,中環,2014-09-22,55903.0,Investment_Trust,0.0
2323,中環,2014-09-23,0.0,Dealer,0.0
2323,中環,2014-09-23,503000.0,Foreign_Investor,53000.0
2323,中環,2014-09-23,3000.0,Investment_Trust,0.0
2323,中環,2014-09-24,0.0,Dealer,0.0
2323,中環,2014-09-24,915000.0,Foreign_Investor,166000.0
2323,中環,2014-09-24,0.0,Investment_Trust,0.0
2323,中環,2014-09-25,0.0,Dealer,2000.0
2323,中環,2014-09-25,1654000.0,Foreign_Investor,643000.0
2323,中環,2014-09-25,0.0,Investment_Trust,0.0
2323,中環,2014-09-26,0.0,Dealer,0.0
2323,中環,2014-09-26,1156000.0,Foreign_Investor,605000.0
2323,中環,2014-09-26,0.0,Investment_Trust,0.0
2323,中環,2014-09-29,0.0,Dealer,0.0
2323,中環,2014-09-29,575000.0,Foreign_Investor,1080000.0
2323,中環,2014-09-29,0.0,Investment_Trust,0.0
2323,中環,2014-09-30,0.0,Dealer,0.0
2323,中環,2014-09-30,1844000.0,Foreign_Investor,1772000.0
2323,中環,2014-09-30,0.0,Investment_Trust,0.0
2323,中環,2014-10-01,0.0,Dealer,0.0
2323,中環,2014-10-01,459000.0,Foreign_Investor,230000.0
2323,中環,2014-10-01,0.0,Investment_Trust,0.0
2323,中環,2014-10-02,24000.0,Dealer,0.0
2323,中環,2014-10-02,1014000.0,Foreign_Investor,609000.0
2323,中環,2014-10-02,0.0,Investment_Trust,0.0
2323,中環,2014-10-03,0.0,Dealer,68000.0
2323,中環,2014-10-03,850000.0,Foreign_Investor,1220000.0
2323,中環,2014-10-03,0.0,Investment_Trust,0.0
2323,中環,2014-10-06,0.0,Dealer,0.0
2323,中環,2014-10-06,503000.0,Foreign_Investor,317000.0
2323,中環,2014-10-06,0.0,Investment_Trust,0.0
2323,中環,2014-10-07,0.0,Dealer,10000.0
2323,中環,2014-10-07,1132000.0,Foreign_Investor,663000.0
2323,中環,2014-10-07,0.0,Investment_Trust,0.0
2323,中環,2014-10-08,0.0,Dealer,0.0
2323,中環,2014-10-08,1047000.0,Foreign_Investor,529000.0
2323,中環,2014-10-08,0.0,Investment_Trust,0.0
2323,中環,2014-10-09,0.0,Dealer,15000.0
2323,中環,2014-10-09,1524000.0,Foreign_Investor,457000.0
2323,中環,2014-10-09,0.0,Investment_Trust,0.0
2323,中環,2014-10-13,25000.0,Dealer,0.0
2323,中環,2014-10-13,1298000.0,Foreign_Investor,727000.0
2323,中環,2014-10-13,0.0,Investment_Trust,0.0
2323,中環,2014-10-14,0.0,Dealer,0.0
2323,中環,2014-10-14,703000.0,Foreign_Investor,477000.0
2323,中環,2014-10-14,0.0,Investment_Trust,0.0
2323,中環,2014-10-15,0.0,Dealer,19000.0
2323,中環,2014-10-15,2026000.0,Foreign_Investor,914000.0
2323,中環,2014-10-15,0.0,Investment_Trust,0.0
2323,中環,2014-10-16,0.0,Dealer,0.0
2323,中環,2014-10-16,815000.0,Foreign_Investor,639000.0
2323,中環,2014-10-16,0.0,Investment_Trust,0.0
2323,中環,2014-10-17,0.0,Dealer,25000.0
2323,中環,2014-10-17,934000.0,Foreign_Investor,659000.0
2323,中環,2014-10-17,0.0,Investment_Trust,0.0
2323,中環,2014-10-20,0.0,Dealer,0.0
2323,中環,2014-10-20,554000.0,Foreign_Investor,466000.0
2323,中環,2014-10-20,0.0,Investment_Trust,0.0
2323,中環,2014-10-21,0.0,Dealer,0.0
2323,中環,2014-10-21,99000.0,Foreign_Investor,296000.0
2323,中環,2014-10-21,1000.0,Investment_Trust,0.0
2323,中環,2014-10-22,0.0,Dealer,0.0
2323,中環,2014-10-22,562000.0,Foreign_Investor,564000.0
2323,中環,2014-10-22,0.0,Investment_Trust,0.0
2323,中環,2014-10-23,1000.0,Dealer,0.0
2323,中環,2014-10-23,214000.0,Foreign_Investor,394000.0
2323,中環,2014-10-23,3000.0,Investment_Trust,0.0
2323,中環,2014-10-24,0.0,Dealer,0.0
2323,中環,2014-10-24,427000.0,Foreign_Investor,894000.0
2323,中環,2014-10-24,0.0,Investment_Trust,0.0
2323,中環,2014-10-27,0.0,Dealer,0.0
2323,中環,2014-10-27,584000.0,Foreign_Investor,228193.0
2323,中環,2014-10-27,0.0,Investment_Trust,0.0
2323,中環,2014-10-28,0.0,Dealer,0.0
2323,中環,2014-10-28,890000.0,Foreign_Investor,278000.0
2323,中環,2014-10-28,0.0,Investment_Trust,0.0
2323,中環,2014-10-29,0.0,Dealer,0.0
2323,中環,2014-10-29,275000.0,Foreign_Investor,68000.0
2323,中環,2014-10-29,0.0,Investment_Trust,0.0
2323,中環,2014-10-30,0.0,Dealer,0.0
2323,中環,2014-10-30,176000.0,Foreign_Investor,26000.0
2323,中環,2014-10-30,0.0,Investment_Trust,0.0
2323,中環,2014-10-31,0.0,Dealer,0.0
2323,中環,2014-10-31,349000.0,Foreign_Investor,56000.0
2323,中環,2014-10-31,0.0,Investment_Trust,0.0
2323,中環,2014-11-03,0.0,Dealer,0.0
2323,中環,2014-11-03,868000.0,Foreign_Investor,564000.0
2323,中環,2014-11-03,0.0,Investment_Trust,0.0
2323,中環,2014-11-04,0.0,Dealer,0.0
2323,中環,2014-11-04,254000.0,Foreign_Investor,402000.0
2323,中環,2014-11-04,0.0,Investment_Trust,0.0
2323,中環,2014-11-05,0.0,Dealer,0.0
2323,中環,2014-11-05,398000.0,Foreign_Investor,53000.0
2323,中環,2014-11-05,0.0,Investment_Trust,0.0
2323,中環,2014-11-06,0.0,Dealer,0.0
2323,中環,2014-11-06,171000.0,Foreign_Investor,148000.0
2323,中環,2014-11-06,0.0,Investment_Trust,0.0
2323,中環,2014-11-07,4000.0,Dealer,0.0
2323,中環,2014-11-07,445000.0,Foreign_Investor,4000.0
2323,中環,2014-11-07,0.0,Investment_Trust,0.0
2323,中環,2014-11-10,15000.0,Dealer,0.0
2323,中環,2014-11-10,490000.0,Foreign_Investor,17000.0
2323,中環,2014-11-10,0.0,Investment_Trust,0.0
2323,中環,2014-11-11,0.0,Dealer,0.0
2323,中環,2014-11-11,812000.0,Foreign_Investor,9000.0
2323,中環,2014-11-11,0.0,Investment_Trust,0.0
2323,中環,2014-11-12,40000.0,Dealer,0.0
2323,中環,2014-11-12,413000.0,Foreign_Investor,733000.0
2323,中環,2014-11-12,0.0,Investment_Trust,0.0
2323,中環,2014-11-13,0.0,Dealer,5000.0
2323,中環,2014-11-13,159000.0,Foreign_Investor,235000.0
2323,中環,2014-11-13,0.0,Investment_Trust,0.0
2323,中環,2014-11-14,0.0,Dealer,9000.0
2323,中環,2014-11-14,259000.0,Foreign_Investor,224000.0
2323,中環,2014-11-14,0.0,Investment_Trust,0.0
2323,中環,2014-11-17,0.0,Dealer,1000.0
2323,中環,2014-11-17,41000.0,Foreign_Investor,689000.0
2323,中環,2014-11-17,0.0,Investment_Trust,0.0
2323,中環,2014-11-18,0.0,Dealer,0.0
2323,中環,2014-11-18,440000.0,Foreign_Investor,254000.0
2323,中環,2014-11-18,0.0,Investment_Trust,0.0
2323,中環,2014-11-19,2000.0,Dealer,0.0
2323,中環,2014-11-19,684000.0,Foreign_Investor,82000.0
2323,中環,2014-11-19,0.0,Investment_Trust,0.0
2323,中環,2014-11-20,2000.0,Dealer,0.0
2323,中環,2014-11-20,539000.0,Foreign_Investor,20000.0
2323,中環,2014-11-20,0.0,Investment_Trust,0.0
2323,中環,2014-11-21,0.0,Dealer,0.0
2323,中環,2014-11-21,325000.0,Foreign_Investor,0.0
2323,中環,2014-11-21,0.0,Investment_Trust,0.0
2323,中環,2014-11-24,0.0,Dealer,3000.0
2323,中環,2014-11-24,542000.0,Foreign_Investor,146000.0
2323,中環,2014-11-24,0.0,Investment_Trust,0.0
2323,中環,2014-11-25,0.0,Dealer,0.0
2323,中環,2014-11-25,558000.0,Foreign_Investor,439000.0
2323,中環,2014-11-25,0.0,Investment_Trust,0.0
2323,中環,2014-11-26,0.0,Dealer,0.0
2323,中環,2014-11-26,273000.0,Foreign_Investor,71000.0
2323,中環,2014-11-26,0.0,Investment_Trust,0.0
2323,中環,2014-11-27,3000.0,Dealer,0.0
2323,中環,2014-11-27,82000.0,Foreign_Investor,52000.0
2323,中環,2014-11-27,0.0,Investment_Trust,1000.0
2323,中環,2014-11-28,0.0,Dealer,0.0
2323,中環,2014-11-28,584000.0,Foreign_Investor,590000.0
2323,中環,2014-11-28,0.0,Investment_Trust,0.0
2323,中環,2014-12-01,0.0,Dealer_Hedging,0.0
2323,中環,2014-12-01,28000.0,Dealer_self,0.0
2323,中環,2014-12-01,818000.0,Foreign_Investor,68000.0
2323,中環,2014-12-01,0.0,Investment_Trust,0.0
2323,中環,2014-12-02,0.0,Dealer_Hedging,0.0
2323,中環,2014-12-02,27000.0,Dealer_self,49000.0
2323,中環,2014-12-02,1017000.0,Foreign_Investor,384000.0
2323,中環,2014-12-02,0.0,Investment_Trust,0.0
2323,中環,2014-12-03,0.0,Dealer_Hedging,0.0
2323,中環,2014-12-03,0.0,Dealer_self,0.0
2323,中環,2014-12-03,294000.0,Foreign_Investor,1067000.0
2323,中環,2014-12-03,0.0,Investment_Trust,10000.0
2323,中環,2014-12-04,0.0,Dealer_Hedging,0.0
2323,中環,2014-12-04,4000.0,Dealer_self,18000.0
2323,中環,2014-12-04,283000.0,Foreign_Investor,61000.0
2323,中環,2014-12-04,0.0,Investment_Trust,0.0
2323,中環,2014-12-05,0.0,Dealer_Hedging,0.0
2323,中環,2014-12-05,0.0,Dealer_self,11000.0
2323,中環,2014-12-05,605000.0,Foreign_Investor,368000.0
2323,中環,2014-12-05,0.0,Investment_Trust,4000.0
2323,中環,2014-12-08,0.0,Dealer_Hedging,0.0
2323,中環,2014-12-08,0.0,Dealer_self,0.0
2323,中環,2014-12-08,123000.0,Foreign_Investor,361000.0
2323,中環,2014-12-08,0.0,Investment_Trust,0.0
2323,中環,2014-12-09,0.0,Dealer_Hedging,0.0
2323,中環,2014-12-09,0.0,Dealer_self,0.0
2323,中環,2014-12-09,132000.0,Foreign_Investor,98000.0
2323,中環,2014-12-09,0.0,Investment_Trust,0.0
2323,中環,2014-12-10,0.0,Dealer_Hedging,0.0
2323,中環,2014-12-10,0.0,Dealer_self,0.0
2323,中環,2014-12-10,778000.0,Foreign_Investor,204000.0
2323,中環,2014-12-10,0.0,Investment_Trust,0.0
2323,中環,2014-12-11,0.0,Dealer_Hedging,0.0
2323,中環,2014-12-11,0.0,Dealer_self,0.0
2323,中環,2014-12-11,70000.0,Foreign_Investor,67000.0
2323,中環,2014-12-11,0.0,Investment_Trust,55903.0
2323,中環,2014-12-12,0.0,Dealer_Hedging,0.0
2323,中環,2014-12-12,0.0,Dealer_self,3000.0
2323,中環,2014-12-12,126000.0,Foreign_Investor,112000.0
2323,中環,2014-12-12,0.0,Investment_Trust,0.0
2323,中環,2014-12-15,0.0,Dealer_Hedging,0.0
2323,中環,2014-12-15,38000.0,Dealer_self,0.0
2323,中環,2014-12-15,13000.0,Foreign_Investor,818000.0
2323,中環,2014-12-15,0.0,Investment_Trust,0.0
2323,中環,2014-12-16,0.0,Dealer_Hedging,0.0
2323,中環,2014-12-16,56000.0,Dealer_self,0.0
2323,中環,2014-12-16,537000.0,Foreign_Investor,40000.0
2323,中環,2014-12-16,5000.0,Investment_Trust,0.0
2323,中環,2014-12-17,0.0,Dealer_Hedging,0.0
2323,中環,2014-12-17,43000.0,Dealer_self,19000.0
2323,中環,2014-12-17,657000.0,Foreign_Investor,542000.0
2323,中環,2014-12-17,0.0,Investment_Trust,0.0
2323,中環,2014-12-18,0.0,Dealer_Hedging,0.0
2323,中環,2014-12-18,52000.0,Dealer_self,10000.0
2323,中環,2014-12-18,521000.0,Foreign_Investor,423000.0
2323,中環,2014-12-18,0.0,Investment_Trust,0.0
2323,中環,2014-12-19,0.0,Dealer_Hedging,0.0
2323,中環,2014-12-19,30000.0,Dealer_self,111000.0
2323,中環,2014-12-19,592000.0,Foreign_Investor,794000.0
2323,中環,2014-12-19,0.0,Investment_Trust,0.0
2323,中環,2014-12-22,0.0,Dealer_Hedging,0.0
2323,中環,2014-12-22,0.0,Dealer_self,18000.0
2323,中環,2014-12-22,529000.0,Foreign_Investor,80000.0
2323,中環,2014-12-22,0.0,Investment_Trust,0.0
2323,中環,2014-12-23,0.0,Dealer_Hedging,0.0
2323,中環,2014-12-23,0.0,Dealer_self,0.0
2323,中環,2014-12-23,496000.0,Foreign_Investor,238000.0
2323,中環,2014-12-23,0.0,Investment_Trust,0.0
2323,中環,2014-12-24,0.0,Dealer_Hedging,0.0
2323,中環,2014-12-24,0.0,Dealer_self,0.0
2323,中環,2014-12-24,473000.0,Foreign_Investor,61000.0
2323,中環,2014-12-24,0.0,Investment_Trust,0.0
2323,中環,2014-12-25,0.0,Dealer_Hedging,0.0
2323,中環,2014-12-25,0.0,Dealer_self,0.0
2323,中環,2014-12-25,148000.0,Foreign_Investor,46000.0
2323,中環,2014-12-25,0.0,Investment_Trust,0.0
2323,中環,2014-12-26,0.0,Dealer_Hedging,0.0
2323,中環,2014-12-26,0.0,Dealer_self,0.0
2323,中環,2014-12-26,237000.0,Foreign_Investor,85000.0
2323,中環,2014-12-26,0.0,Investment_Trust,0.0
2323,中環,2014-12-27,0.0,Dealer_Hedging,0.0
2323,中環,2014-12-27,10000.0,Dealer_self,0.0
2323,中環,2014-12-27,5000.0,Foreign_Investor,0.0
2323,中環,2014-12-27,0.0,Investment_Trust,0.0
2323,中環,2014-12-29,0.0,Dealer_Hedging,0.0
2323,中環,2014-12-29,0.0,Dealer_self,16000.0
2323,中環,2014-12-29,16000.0,Foreign_Investor,1004000.0
2323,中環,2014-12-29,0.0,Investment_Trust,0.0
2323,中環,2014-12-30,0.0,Dealer_Hedging,0.0
2323,中環,2014-12-30,0.0,Dealer_self,3000.0
2323,中環,2014-12-30,46000.0,Foreign_Investor,693000.0
2323,中環,2014-12-30,0.0,Investment_Trust,0.0
2323,中環,2014-12-31,0.0,Dealer_Hedging,0.0
2323,中環,2014-12-31,0.0,Dealer_self,0.0
2323,中環,2014-12-31,98000.0,Foreign_Investor,102000.0
2323,中環,2014-12-31,0.0,Investment_Trust,0.0
2323,中環,2015-01-05,0.0,Dealer_Hedging,0.0
2323,中環,2015-01-05,1000.0,Dealer_self,42000.0
2323,中環,2015-01-05,498000.0,Foreign_Investor,689000.0
2323,中環,2015-01-05,0.0,Investment_Trust,0.0
2323,中環,2015-01-06,0.0,Dealer_Hedging,0.0
2323,中環,2015-01-06,0.0,Dealer_self,0.0
2323,中環,2015-01-06,561000.0,Foreign_Investor,435000.0
2323,中環,2015-01-06,0.0,Investment_Trust,0.0
2323,中環,2015-01-07,0.0,Dealer_Hedging,0.0
2323,中環,2015-01-07,2000.0,Dealer_self,0.0
2323,中環,2015-01-07,331000.0,Foreign_Investor,155000.0
2323,中環,2015-01-07,0.0,Investment_Trust,0.0
2323,中環,2015-01-08,0.0,Dealer_Hedging,0.0
2323,中環,2015-01-08,0.0,Dealer_self,26000.0
2323,中環,2015-01-08,181000.0,Foreign_Investor,177000.0
2323,中環,2015-01-08,0.0,Investment_Trust,0.0
2323,中環,2015-01-09,0.0,Dealer_Hedging,0.0
2323,中環,2015-01-09,44000.0,Dealer_self,0.0
2323,中環,2015-01-09,371000.0,Foreign_Investor,244000.0
2323,中環,2015-01-09,0.0,Investment_Trust,0.0
2323,中環,2015-01-12,0.0,Dealer_Hedging,0.0
2323,中環,2015-01-12,0.0,Dealer_self,0.0
2323,中環,2015-01-12,383000.0,Foreign_Investor,24000.0
2323,中環,2015-01-12,0.0,Investment_Trust,0.0
2323,中環,2015-01-13,0.0,Dealer_Hedging,0.0
2323,中環,2015-01-13,5000.0,Dealer_self,0.0
2323,中環,2015-01-13,291000.0,Foreign_Investor,58000.0
2323,中環,2015-01-13,0.0,Investment_Trust,0.0
2323,中環,2015-01-14,0.0,Dealer_Hedging,0.0
2323,中環,2015-01-14,0.0,Dealer_self,0.0
2323,中環,2015-01-14,56000.0,Foreign_Investor,80000.0
2323,中環,2015-01-14,0.0,Investment_Trust,0.0
2323,中環,2015-01-15,0.0,Dealer_Hedging,0.0
2323,中環,2015-01-15,2000.0,Dealer_self,0.0
2323,中環,2015-01-15,194000.0,Foreign_Investor,47000.0
2323,中環,2015-01-15,0.0,Investment_Trust,0.0
2323,中環,2015-01-16,0.0,Dealer_Hedging,0.0
2323,中環,2015-01-16,150000.0,Dealer_self,17000.0
2323,中環,2015-01-16,57000.0,Foreign_Investor,996142.0
2323,中環,2015-01-16,0.0,Investment_Trust,0.0
2323,中環,2015-01-19,0.0,Dealer_Hedging,0.0
2323,中環,2015-01-19,0.0,Dealer_self,0.0
2323,中環,2015-01-19,325001.0,Foreign_Investor,55000.0
2323,中環,2015-01-19,0.0,Investment_Trust,0.0
2323,中環,2015-01-20,0.0,Dealer_Hedging,0.0
2323,中環,2015-01-20,0.0,Dealer_self,0.0
2323,中環,2015-01-20,597000.0,Foreign_Investor,10000.0
2323,中環,2015-01-20,0.0,Investment_Trust,0.0
2323,中環,2015-01-21,0.0,Dealer_Hedging,0.0
2323,中環,2015-01-21,0.0,Dealer_self,50000.0
2323,中環,2015-01-21,534000.0,Foreign_Investor,366000.0
2323,中環,2015-01-21,0.0,Investment_Trust,0.0
2323,中環,2015-01-22,0.0,Dealer_Hedging,0.0
2323,中環,2015-01-22,0.0,Dealer_self,0.0
2323,中環,2015-01-22,109000.0,Foreign_Investor,768000.0
2323,中環,2015-01-22,0.0,Investment_Trust,1000.0
2323,中環,2015-01-23,0.0,Dealer_Hedging,0.0
2323,中環,2015-01-23,0.0,Dealer_self,0.0
2323,中環,2015-01-23,243000.0,Foreign_Investor,312000.0
2323,中環,2015-01-23,0.0,Investment_Trust,0.0
2323,中環,2015-01-26,0.0,Dealer_Hedging,0.0
2323,中環,2015-01-26,0.0,Dealer_self,0.0
2323,中環,2015-01-26,122000.0,Foreign_Investor,846000.0
2323,中環,2015-01-26,0.0,Investment_Trust,0.0
2323,中環,2015-01-27,0.0,Dealer_Hedging,0.0
2323,中環,2015-01-27,0.0,Dealer_self,0.0
2323,中環,2015-01-27,327000.0,Foreign_Investor,0.0
2323,中環,2015-01-27,0.0,Investment_Trust,0.0
2323,中環,2015-01-28,0.0,Dealer_Hedging,0.0
2323,中環,2015-01-28,0.0,Dealer_self,0.0
2323,中環,2015-01-28,1098000.0,Foreign_Investor,999000.0
2323,中環,2015-01-28,0.0,Investment_Trust,0.0
2323,中環,2015-01-29,0.0,Dealer_Hedging,0.0
2323,中環,2015-01-29,20000.0,Dealer_self,0.0
2323,中環,2015-01-29,135000.0,Foreign_Investor,204000.0
2323,中環,2015-01-29,0.0,Investment_Trust,0.0
2323,中環,2015-01-30,0.0,Dealer_Hedging,0.0
2323,中環,2015-01-30,10000.0,Dealer_self,0.0
2323,中環,2015-01-30,405000.0,Foreign_Investor,132000.0
2323,中環,2015-01-30,0.0,Investment_Trust,1000.0
2323,中環,2015-02-02,0.0,Dealer_Hedging,0.0
2323,中環,2015-02-02,16000.0,Dealer_self,0.0
2323,中環,2015-02-02,134000.0,Foreign_Investor,184000.0
2323,中環,2015-02-02,0.0,Investment_Trust,0.0
2323,中環,2015-02-03,0.0,Dealer_Hedging,0.0
2323,中環,2015-02-03,15000.0,Dealer_self,0.0
2323,中環,2015-02-03,174000.0,Foreign_Investor,14000.0
2323,中環,2015-02-03,0.0,Investment_Trust,0.0
2323,中環,2015-02-04,0.0,Dealer_Hedging,0.0
2323,中環,2015-02-04,10000.0,Dealer_self,0.0
2323,中環,2015-02-04,299000.0,Foreign_Investor,95000.0
2323,中環,2015-02-04,0.0,Investment_Trust,0.0
2323,中環,2015-02-05,0.0,Dealer_Hedging,0.0
2323,中環,2015-02-05,15000.0,Dealer_self,0.0
2323,中環,2015-02-05,90000.0,Foreign_Investor,28000.0
2323,中環,2015-02-05,0.0,Investment_Trust,0.0
2323,中環,2015-02-06,0.0,Dealer_Hedging,0.0
2323,中環,2015-02-06,5000.0,Dealer_self,0.0
2323,中環,2015-02-06,320000.0,Foreign_Investor,27000.0
2323,中環,2015-02-06,0.0,Investment_Trust,0.0
2323,中環,2015-02-09,0.0,Dealer_Hedging,0.0
2323,中環,2015-02-09,10000.0,Dealer_self,0.0
2323,中環,2015-02-09,106000.0,Foreign_Investor,13000.0
2323,中環,2015-02-09,0.0,Investment_Trust,0.0
2323,中環,2015-02-10,0.0,Dealer_Hedging,0.0
2323,中環,2015-02-10,51000.0,Dealer_self,0.0
2323,中環,2015-02-10,617000.0,Foreign_Investor,155000.0
2323,中環,2015-02-10,0.0,Investment_Trust,0.0
2323,中環,2015-02-11,0.0,Dealer_Hedging,0.0
2323,中環,2015-02-11,5000.0,Dealer_self,0.0
2323,中環,2015-02-11,288001.0,Foreign_Investor,344000.0
2323,中環,2015-02-11,0.0,Investment_Trust,0.0
2323,中環,2015-02-12,0.0,Dealer_Hedging,0.0
2323,中環,2015-02-12,20000.0,Dealer_self,0.0
2323,中環,2015-02-12,285000.0,Foreign_Investor,127000.0
2323,中環,2015-02-12,0.0,Investment_Trust,0.0
2323,中環,2015-02-13,0.0,Dealer_Hedging,0.0
2323,中環,2015-02-13,0.0,Dealer_self,38000.0
2323,中環,2015-02-13,183000.0,Foreign_Investor,45000.0
2323,中環,2015-02-13,0.0,Investment_Trust,1000.0
2323,中環,2015-02-24,0.0,Dealer_Hedging,0.0
2323,中環,2015-02-24,0.0,Dealer_self,0.0
2323,中環,2015-02-24,550000.0,Foreign_Investor,29000.0
2323,中環,2015-02-24,0.0,Investment_Trust,0.0
2323,中環,2015-02-25,0.0,Dealer_Hedging,0.0
2323,中環,2015-02-25,8000.0,Dealer_self,3000.0
2323,中環,2015-02-25,34000.0,Foreign_Investor,130000.0
2323,中環,2015-02-25,0.0,Investment_Trust,0.0
2323,中環,2015-02-26,0.0,Dealer_Hedging,0.0
2323,中環,2015-02-26,358000.0,Dealer_self,4000.0
2323,中環,2015-02-26,197000.0,Foreign_Investor,443000.0
2323,中環,2015-02-26,0.0,Investment_Trust,1000.0
2323,中環,2015-03-02,0.0,Dealer_Hedging,0.0
2323,中環,2015-03-02,3000.0,Dealer_self,0.0
2323,中環,2015-03-02,884000.0,Foreign_Investor,317000.0
2323,中環,2015-03-02,0.0,Investment_Trust,0.0
2323,中環,2015-03-03,0.0,Dealer_Hedging,0.0
2323,中環,2015-03-03,0.0,Dealer_self,0.0
2323,中環,2015-03-03,323000.0,Foreign_Investor,397000.0
2323,中環,2015-03-03,0.0,Investment_Trust,0.0
2323,中環,2015-03-04,0.0,Dealer_Hedging,0.0
2323,中環,2015-03-04,0.0,Dealer_self,0.0
2323,中環,2015-03-04,355000.0,Foreign_Investor,357000.0
2323,中環,2015-03-04,0.0,Investment_Trust,2000.0
2323,中環,2015-03-05,0.0,Dealer_Hedging,0.0
2323,中環,2015-03-05,60000.0,Dealer_self,3000.0
2323,中環,2015-03-05,333000.0,Foreign_Investor,720000.0
2323,中環,2015-03-05,0.0,Investment_Trust,0.0
2323,中環,2015-03-06,0.0,Dealer_Hedging,0.0
2323,中環,2015-03-06,0.0,Dealer_self,24000.0
2323,中環,2015-03-06,557000.0,Foreign_Investor,401000.0
2323,中環,2015-03-06,0.0,Investment_Trust,0.0
2323,中環,2015-03-09,0.0,Dealer_Hedging,0.0
2323,中環,2015-03-09,0.0,Dealer_self,0.0
2323,中環,2015-03-09,363000.0,Foreign_Investor,117000.0
2323,中環,2015-03-09,0.0,Investment_Trust,1000.0
2323,中環,2015-03-10,0.0,Dealer_Hedging,0.0
2323,中環,2015-03-10,0.0,Dealer_self,17000.0
2323,中環,2015-03-10,479000.0,Foreign_Investor,154000.0
2323,中環,2015-03-10,0.0,Investment_Trust,0.0
2323,中環,2015-03-11,0.0,Dealer_Hedging,0.0
2323,中環,2015-03-11,150000.0,Dealer_self,1000.0
2323,中環,2015-03-11,71000.0,Foreign_Investor,275000.0
2323,中環,2015-03-11,0.0,Investment_Trust,0.0
2323,中環,2015-03-12,0.0,Dealer_Hedging,0.0
2323,中環,2015-03-12,15000.0,Dealer_self,0.0
2323,中環,2015-03-12,517000.0,Foreign_Investor,275000.0
2323,中環,2015-03-12,0.0,Investment_Trust,0.0
2323,中環,2015-03-13,0.0,Dealer_Hedging,0.0
2323,中環,2015-03-13,5000.0,Dealer_self,0.0
2323,中環,2015-03-13,9000.0,Foreign_Investor,43000.0
2323,中環,2015-03-13,0.0,Investment_Trust,0.0
2323,中環,2015-03-16,0.0,Dealer_Hedging,0.0
2323,中環,2015-03-16,158000.0,Dealer_self,0.0
2323,中環,2015-03-16,142000.0,Foreign_Investor,68000.0
2323,中環,2015-03-16,1000.0,Investment_Trust,0.0
2323,中環,2015-03-17,0.0,Dealer_Hedging,0.0
2323,中環,2015-03-17,120000.0,Dealer_self,22000.0
2323,中環,2015-03-17,470000.0,Foreign_Investor,234000.0
2323,中環,2015-03-17,0.0,Investment_Trust,0.0
2323,中環,2015-03-18,0.0,Dealer_Hedging,0.0
2323,中環,2015-03-18,175000.0,Dealer_self,310000.0
2323,中環,2015-03-18,1223000.0,Foreign_Investor,90000.0
2323,中環,2015-03-18,0.0,Investment_Trust,0.0
2323,中環,2015-03-19,0.0,Dealer_Hedging,0.0
2323,中環,2015-03-19,0.0,Dealer_self,0.0
2323,中環,2015-03-19,803000.0,Foreign_Investor,232000.0
2323,中環,2015-03-19,0.0,Investment_Trust,0.0
2323,中環,2015-03-20,0.0,Dealer_Hedging,0.0
2323,中環,2015-03-20,0.0,Dealer_self,0.0
2323,中環,2015-03-20,1083000.0,Foreign_Investor,1274000.0
2323,中環,2015-03-20,0.0,Investment_Trust,0.0
2323,中環,2015-03-23,0.0,Dealer_Hedging,0.0
2323,中環,2015-03-23,0.0,Dealer_self,0.0
2323,中環,2015-03-23,675000.0,Foreign_Investor,177000.0
2323,中環,2015-03-23,0.0,Investment_Trust,0.0
2323,中環,2015-03-24,0.0,Dealer_Hedging,0.0
2323,中環,2015-03-24,0.0,Dealer_self,7000.0
2323,中環,2015-03-24,1344000.0,Foreign_Investor,22000.0
2323,中環,2015-03-24,0.0,Investment_Trust,0.0
2323,中環,2015-03-25,0.0,Dealer_Hedging,0.0
2323,中環,2015-03-25,0.0,Dealer_self,0.0
2323,中環,2015-03-25,414000.0,Foreign_Investor,369000.0
2323,中環,2015-03-25,0.0,Investment_Trust,0.0
2323,中環,2015-03-26,0.0,Dealer_Hedging,0.0
2323,中環,2015-03-26,38000.0,Dealer_self,0.0
2323,中環,2015-03-26,648000.0,Foreign_Investor,893000.0
2323,中環,2015-03-26,0.0,Investment_Trust,0.0
2323,中環,2015-03-27,0.0,Dealer_Hedging,0.0
2323,中環,2015-03-27,1000.0,Dealer_self,0.0
2323,中環,2015-03-27,1296000.0,Foreign_Investor,835000.0
2323,中環,2015-03-27,0.0,Investment_Trust,0.0
2323,中環,2015-03-30,0.0,Dealer_Hedging,0.0
2323,中環,2015-03-30,0.0,Dealer_self,0.0
2323,中環,2015-03-30,581000.0,Foreign_Investor,330000.0
2323,中環,2015-03-30,0.0,Investment_Trust,0.0
2323,中環,2015-03-31,0.0,Dealer_Hedging,0.0
2323,中環,2015-03-31,0.0,Dealer_self,0.0
2323,中環,2015-03-31,1198000.0,Foreign_Investor,293000.0
2323,中環,2015-03-31,0.0,Investment_Trust,0.0
2323,中環,2015-04-01,0.0,Dealer_Hedging,0.0
2323,中環,2015-04-01,170000.0,Dealer_self,0.0
2323,中環,2015-04-01,1718000.0,Foreign_Investor,223000.0
2323,中環,2015-04-01,0.0,Investment_Trust,0.0
2323,中環,2015-04-02,0.0,Dealer_Hedging,0.0
2323,中環,2015-04-02,0.0,Dealer_self,0.0
2323,中環,2015-04-02,787000.0,Foreign_Investor,85000.0
2323,中環,2015-04-02,0.0,Investment_Trust,0.0
2323,中環,2015-04-07,0.0,Dealer_Hedging,0.0
2323,中環,2015-04-07,0.0,Dealer_self,0.0
2323,中環,2015-04-07,718000.0,Foreign_Investor,9000.0
2323,中環,2015-04-07,0.0,Investment_Trust,0.0
2323,中環,2015-04-08,0.0,Dealer_Hedging,0.0
2323,中環,2015-04-08,0.0,Dealer_self,0.0
2323,中環,2015-04-08,35000.0,Foreign_Investor,446000.0
2323,中環,2015-04-08,0.0,Investment_Trust,0.0
2323,中環,2015-04-09,0.0,Dealer_Hedging,0.0
2323,中環,2015-04-09,0.0,Dealer_self,0.0
2323,中環,2015-04-09,980000.0,Foreign_Investor,1030000.0
2323,中環,2015-04-09,0.0,Investment_Trust,0.0
2323,中環,2015-04-10,0.0,Dealer_Hedging,0.0
2323,中環,2015-04-10,0.0,Dealer_self,0.0
2323,中環,2015-04-10,590000.0,Foreign_Investor,634000.0
2323,中環,2015-04-10,0.0,Investment_Trust,0.0
2323,中環,2015-04-13,0.0,Dealer_Hedging,0.0
2323,中環,2015-04-13,0.0,Dealer_self,0.0
2323,中環,2015-04-13,669000.0,Foreign_Investor,539000.0
2323,中環,2015-04-13,0.0,Investment_Trust,0.0
2323,中環,2015-04-14,0.0,Dealer_Hedging,0.0
2323,中環,2015-04-14,0.0,Dealer_self,0.0
2323,中環,2015-04-14,242000.0,Foreign_Investor,44000.0
2323,中環,2015-04-14,0.0,Investment_Trust,0.0
2323,中環,2015-04-15,0.0,Dealer_Hedging,0.0
2323,中環,2015-04-15,27000.0,Dealer_self,70000.0
2323,中環,2015-04-15,145000.0,Foreign_Investor,1269000.0
2323,中環,2015-04-15,0.0,Investment_Trust,48000.0
2323,中環,2015-04-16,0.0,Dealer_Hedging,0.0
2323,中環,2015-04-16,0.0,Dealer_self,117000.0
2323,中環,2015-04-16,461000.0,Foreign_Investor,569000.0
2323,中環,2015-04-16,0.0,Investment_Trust,0.0
2323,中環,2015-04-17,0.0,Dealer_Hedging,0.0
2323,中環,2015-04-17,0.0,Dealer_self,0.0
2323,中環,2015-04-17,803000.0,Foreign_Investor,695000.0
2323,中環,2015-04-17,0.0,Investment_Trust,0.0
2323,中環,2015-04-20,0.0,Dealer_Hedging,0.0
2323,中環,2015-04-20,0.0,Dealer_self,1000000.0
2323,中環,2015-04-20,502000.0,Foreign_Investor,277000.0
2323,中環,2015-04-20,0.0,Investment_Trust,0.0
2323,中環,2015-04-21,0.0,Dealer_Hedging,0.0
2323,中環,2015-04-21,21000.0,Dealer_self,0.0
2323,中環,2015-04-21,592000.0,Foreign_Investor,1353000.0
2323,中環,2015-04-21,0.0,Investment_Trust,0.0
2323,中環,2015-04-22,0.0,Dealer_Hedging,0.0
2323,中環,2015-04-22,0.0,Dealer_self,6000.0
2323,中環,2015-04-22,430000.0,Foreign_Investor,244000.0
2323,中環,2015-04-22,0.0,Investment_Trust,0.0
2323,中環,2015-04-23,0.0,Dealer_Hedging,0.0
2323,中環,2015-04-23,0.0,Dealer_self,12000.0
2323,中環,2015-04-23,1543000.0,Foreign_Investor,1371000.0
2323,中環,2015-04-23,0.0,Investment_Trust,0.0
2323,中環,2015-04-24,0.0,Dealer_Hedging,0.0
2323,中環,2015-04-24,114000.0,Dealer_self,0.0
2323,中環,2015-04-24,1697000.0,Foreign_Investor,111000.0
2323,中環,2015-04-24,0.0,Investment_Trust,0.0
2323,中環,2015-04-27,0.0,Dealer_Hedging,0.0
2323,中環,2015-04-27,1000.0,Dealer_self,41000.0
2323,中環,2015-04-27,1233000.0,Foreign_Investor,445000.0
2323,中環,2015-04-27,0.0,Investment_Trust,0.0
2323,中環,2015-04-28,0.0,Dealer_Hedging,0.0
2323,中環,2015-04-28,41000.0,Dealer_self,0.0
2323,中環,2015-04-28,1151000.0,Foreign_Investor,139000.0
2323,中環,2015-04-28,0.0,Investment_Trust,0.0
2323,中環,2015-04-29,0.0,Dealer_Hedging,0.0
2323,中環,2015-04-29,60000.0,Dealer_self,0.0
2323,中環,2015-04-29,1048000.0,Foreign_Investor,215000.0
2323,中環,2015-04-29,0.0,Investment_Trust,0.0
2323,中環,2015-04-30,0.0,Dealer_Hedging,0.0
2323,中環,2015-04-30,2000.0,Dealer_self,0.0
2323,中環,2015-04-30,1074000.0,Foreign_Investor,344000.0
2323,中環,2015-04-30,0.0,Investment_Trust,0.0
2323,中環,2015-05-04,0.0,Dealer_Hedging,0.0
2323,中環,2015-05-04,22000.0,Dealer_self,0.0
2323,中環,2015-05-04,1066000.0,Foreign_Investor,594000.0
2323,中環,2015-05-04,0.0,Investment_Trust,0.0
2323,中環,2015-05-05,0.0,Dealer_Hedging,0.0
2323,中環,2015-05-05,44000.0,Dealer_self,0.0
2323,中環,2015-05-05,8415000.0,Foreign_Investor,7564000.0
2323,中環,2015-05-05,0.0,Investment_Trust,0.0
2323,中環,2015-05-06,0.0,Dealer_Hedging,0.0
2323,中環,2015-05-06,102000.0,Dealer_self,0.0
2323,中環,2015-05-06,1180000.0,Foreign_Investor,395000.0
2323,中環,2015-05-06,0.0,Investment_Trust,0.0
2323,中環,2015-05-07,0.0,Dealer_Hedging,0.0
2323,中環,2015-05-07,74000.0,Dealer_self,0.0
2323,中環,2015-05-07,722000.0,Foreign_Investor,394000.0
2323,中環,2015-05-07,0.0,Investment_Trust,0.0
2323,中環,2015-05-08,0.0,Dealer_Hedging,0.0
2323,中環,2015-05-08,0.0,Dealer_self,0.0
2323,中環,2015-05-08,765000.0,Foreign_Investor,928000.0
2323,中環,2015-05-08,0.0,Investment_Trust,0.0
2323,中環,2015-05-11,0.0,Dealer_Hedging,0.0
2323,中環,2015-05-11,58000.0,Dealer_self,0.0
2323,中環,2015-05-11,998000.0,Foreign_Investor,1091000.0
2323,中環,2015-05-11,0.0,Investment_Trust,0.0
2323,中環,2015-05-12,0.0,Dealer_Hedging,0.0
2323,中環,2015-05-12,13000.0,Dealer_self,0.0
2323,中環,2015-05-12,1722000.0,Foreign_Investor,109000.0
2323,中環,2015-05-12,0.0,Investment_Trust,0.0
2323,中環,2015-05-13,0.0,Dealer_Hedging,0.0
2323,中環,2015-05-13,0.0,Dealer_self,0.0
2323,中環,2015-05-13,618000.0,Foreign_Investor,64000.0
2323,中環,2015-05-13,0.0,Investment_Trust,0.0
2323,中環,2015-05-14,0.0,Dealer_Hedging,0.0
2323,中環,2015-05-14,0.0,Dealer_self,29000.0
2323,中環,2015-05-14,287000.0,Foreign_Investor,62000.0
2323,中環,2015-05-14,0.0,Investment_Trust,0.0
2323,中環,2015-05-15,0.0,Dealer_Hedging,0.0
2323,中環,2015-05-15,0.0,Dealer_self,36000.0
2323,中環,2015-05-15,592000.0,Foreign_Investor,190000.0
2323,中環,2015-05-15,0.0,Investment_Trust,0.0
2323,中環,2015-05-18,0.0,Dealer_Hedging,0.0
2323,中環,2015-05-18,0.0,Dealer_self,0.0
2323,中環,2015-05-18,1095000.0,Foreign_Investor,813000.0
2323,中環,2015-05-18,0.0,Investment_Trust,0.0
2323,中環,2015-05-19,0.0,Dealer_Hedging,0.0
2323,中環,2015-05-19,20000.0,Dealer_self,27000.0
2323,中環,2015-05-19,401000.0,Foreign_Investor,319000.0
2323,中環,2015-05-19,0.0,Investment_Trust,0.0
2323,中環,2015-05-20,0.0,Dealer_Hedging,0.0
2323,中環,2015-05-20,14000.0,Dealer_self,373000.0
2323,中環,2015-05-20,207000.0,Foreign_Investor,1751000.0
2323,中環,2015-05-20,0.0,Investment_Trust,0.0
2323,中環,2015-05-21,0.0,Dealer_Hedging,0.0
2323,中環,2015-05-21,5000.0,Dealer_self,36000.0
2323,中環,2015-05-21,203000.0,Foreign_Investor,524000.0
2323,中環,2015-05-21,0.0,Investment_Trust,0.0
2323,中環,2015-05-22,0.0,Dealer_Hedging,0.0
2323,中環,2015-05-22,0.0,Dealer_self,24000.0
2323,中環,2015-05-22,192000.0,Foreign_Investor,738000.0
2323,中環,2015-05-22,0.0,Investment_Trust,0.0
2323,中環,2015-05-25,0.0,Dealer_Hedging,0.0
2323,中環,2015-05-25,0.0,Dealer_self,1000.0
2323,中環,2015-05-25,129000.0,Foreign_Investor,421000.0
2323,中環,2015-05-25,0.0,Investment_Trust,0.0
2323,中環,2015-05-26,0.0,Dealer_Hedging,0.0
2323,中環,2015-05-26,0.0,Dealer_self,0.0
2323,中環,2015-05-26,126000.0,Foreign_Investor,325000.0
2323,中環,2015-05-26,0.0,Investment_Trust,0.0
2323,中環,2015-05-27,0.0,Dealer_Hedging,0.0
2323,中環,2015-05-27,0.0,Dealer_self,0.0
2323,中環,2015-05-27,235000.0,Foreign_Investor,439000.0
2323,中環,2015-05-27,0.0,Investment_Trust,0.0
2323,中環,2015-05-28,0.0,Dealer_Hedging,0.0
2323,中環,2015-05-28,0.0,Dealer_self,0.0
2323,中環,2015-05-28,205000.0,Foreign_Investor,542000.0
2323,中環,2015-05-28,0.0,Investment_Trust,0.0
2323,中環,2015-05-29,0.0,Dealer_Hedging,0.0
2323,中環,2015-05-29,0.0,Dealer_self,0.0
2323,中環,2015-05-29,1607000.0,Foreign_Investor,882000.0
2323,中環,2015-05-29,0.0,Investment_Trust,0.0
2323,中環,2015-06-01,0.0,Dealer_Hedging,0.0
2323,中環,2015-06-01,0.0,Dealer_self,0.0
2323,中環,2015-06-01,161000.0,Foreign_Investor,115000.0
2323,中環,2015-06-01,0.0,Investment_Trust,0.0
2323,中環,2015-06-02,0.0,Dealer_Hedging,0.0
2323,中環,2015-06-02,20000.0,Dealer_self,0.0
2323,中環,2015-06-02,454000.0,Foreign_Investor,650000.0
2323,中環,2015-06-02,0.0,Investment_Trust,0.0
2323,中環,2015-06-03,0.0,Dealer_Hedging,0.0
2323,中環,2015-06-03,0.0,Dealer_self,0.0
2323,中環,2015-06-03,98000.0,Foreign_Investor,1847000.0
2323,中環,2015-06-03,0.0,Investment_Trust,0.0
2323,中環,2015-06-04,0.0,Dealer_Hedging,0.0
2323,中環,2015-06-04,0.0,Dealer_self,25000.0
2323,中環,2015-06-04,740000.0,Foreign_Investor,1072000.0
2323,中環,2015-06-04,0.0,Investment_Trust,0.0
2323,中環,2015-06-05,0.0,Dealer_Hedging,0.0
2323,中環,2015-06-05,0.0,Dealer_self,0.0
2323,中環,2015-06-05,431000.0,Foreign_Investor,1251000.0
2323,中環,2015-06-05,0.0,Investment_Trust,0.0
2323,中環,2015-06-08,0.0,Dealer_Hedging,0.0
2323,中環,2015-06-08,0.0,Dealer_self,0.0
2323,中環,2015-06-08,148000.0,Foreign_Investor,482000.0
2323,中環,2015-06-08,0.0,Investment_Trust,0.0
2323,中環,2015-06-09,0.0,Dealer_Hedging,0.0
2323,中環,2015-06-09,0.0,Dealer_self,0.0
2323,中環,2015-06-09,128000.0,Foreign_Investor,656000.0
2323,中環,2015-06-09,0.0,Investment_Trust,0.0
2323,中環,2015-06-10,0.0,Dealer_Hedging,0.0
2323,中環,2015-06-10,7000.0,Dealer_self,0.0
2323,中環,2015-06-10,336000.0,Foreign_Investor,889000.0
2323,中環,2015-06-10,0.0,Investment_Trust,0.0
2323,中環,2015-06-11,0.0,Dealer_Hedging,0.0
2323,中環,2015-06-11,3000.0,Dealer_self,2000.0
2323,中環,2015-06-11,62000.0,Foreign_Investor,1400000.0
2323,中環,2015-06-11,0.0,Investment_Trust,0.0
2323,中環,2015-06-12,0.0,Dealer_Hedging,0.0
2323,中環,2015-06-12,0.0,Dealer_self,1000.0
2323,中環,2015-06-12,204000.0,Foreign_Investor,1853000.0
2323,中環,2015-06-12,0.0,Investment_Trust,0.0
2323,中環,2015-06-15,0.0,Dealer_Hedging,0.0
2323,中環,2015-06-15,0.0,Dealer_self,0.0
2323,中環,2015-06-15,304000.0,Foreign_Investor,1105000.0
2323,中環,2015-06-15,0.0,Investment_Trust,0.0
2323,中環,2015-06-16,0.0,Dealer_Hedging,0.0
2323,中環,2015-06-16,0.0,Dealer_self,4000.0
2323,中環,2015-06-16,69000.0,Foreign_Investor,2187000.0
2323,中環,2015-06-16,0.0,Investment_Trust,0.0
2323,中環,2015-06-17,0.0,Dealer_Hedging,0.0
2323,中環,2015-06-17,0.0,Dealer_self,2000.0
2323,中環,2015-06-17,766000.0,Foreign_Investor,2306000.0
2323,中環,2015-06-17,0.0,Investment_Trust,0.0
2323,中環,2015-06-18,0.0,Dealer_Hedging,0.0
2323,中環,2015-06-18,0.0,Dealer_self,0.0
2323,中環,2015-06-18,2168000.0,Foreign_Investor,650000.0
2323,中環,2015-06-18,0.0,Investment_Trust,0.0
2323,中環,2015-06-22,0.0,Dealer_Hedging,0.0
2323,中環,2015-06-22,7000.0,Dealer_self,0.0
2323,中環,2015-06-22,131000.0,Foreign_Investor,1336000.0
2323,中環,2015-06-22,0.0,Investment_Trust,0.0
2323,中環,2015-06-23,0.0,Dealer_Hedging,0.0
2323,中環,2015-06-23,0.0,Dealer_self,1000.0
2323,中環,2015-06-23,610000.0,Foreign_Investor,681000.0
2323,中環,2015-06-23,0.0,Investment_Trust,0.0
2323,中環,2015-06-24,0.0,Dealer_Hedging,0.0
2323,中環,2015-06-24,0.0,Dealer_self,0.0
2323,中環,2015-06-24,132000.0,Foreign_Investor,1215000.0
2323,中環,2015-06-24,0.0,Investment_Trust,0.0
2323,中環,2015-06-25,0.0,Dealer_Hedging,0.0
2323,中環,2015-06-25,0.0,Dealer_self,10000.0
2323,中環,2015-06-25,409000.0,Foreign_Investor,2110000.0
2323,中環,2015-06-25,0.0,Investment_Trust,0.0
2323,中環,2015-06-26,0.0,Dealer_Hedging,0.0
2323,中環,2015-06-26,0.0,Dealer_self,0.0
2323,中環,2015-06-26,90000.0,Foreign_Investor,1034000.0
2323,中環,2015-06-26,0.0,Investment_Trust,0.0
2323,中環,2015-06-29,0.0,Dealer_Hedging,0.0
2323,中環,2015-06-29,0.0,Dealer_self,0.0
2323,中環,2015-06-29,257000.0,Foreign_Investor,1499000.0
2323,中環,2015-06-29,0.0,Investment_Trust,0.0
2323,中環,2015-06-30,0.0,Dealer_Hedging,0.0
2323,中環,2015-06-30,20000.0,Dealer_self,2000.0
2323,中環,2015-06-30,220000.0,Foreign_Investor,326000.0
2323,中環,2015-06-30,0.0,Investment_Trust,0.0
2323,中環,2015-07-01,0.0,Dealer_Hedging,0.0
2323,中環,2015-07-01,10000.0,Dealer_self,24000.0
2323,中環,2015-07-01,312000.0,Foreign_Investor,1272000.0
2323,中環,2015-07-01,0.0,Investment_Trust,0.0
2323,中環,2015-07-02,0.0,Dealer_Hedging,0.0
2323,中環,2015-07-02,0.0,Dealer_self,0.0
2323,中環,2015-07-02,648000.0,Foreign_Investor,419000.0
2323,中環,2015-07-02,0.0,Investment_Trust,0.0
2323,中環,2015-07-03,0.0,Dealer_Hedging,0.0
2323,中環,2015-07-03,0.0,Dealer_self,1000.0
2323,中環,2015-07-03,1001000.0,Foreign_Investor,785000.0
2323,中環,2015-07-03,0.0,Investment_Trust,0.0
2323,中環,2015-07-06,0.0,Dealer_Hedging,0.0
2323,中環,2015-07-06,0.0,Dealer_self,0.0
2323,中環,2015-07-06,1455000.0,Foreign_Investor,713000.0
2323,中環,2015-07-06,0.0,Investment_Trust,0.0
2323,中環,2015-07-07,0.0,Dealer_Hedging,0.0
2323,中環,2015-07-07,0.0,Dealer_self,0.0
2323,中環,2015-07-07,1037000.0,Foreign_Investor,159000.0
2323,中環,2015-07-07,0.0,Investment_Trust,0.0
2323,中環,2015-07-08,0.0,Dealer_Hedging,0.0
2323,中環,2015-07-08,4000.0,Dealer_self,0.0
2323,中環,2015-07-08,2950000.0,Foreign_Investor,270000.0
2323,中環,2015-07-08,0.0,Investment_Trust,0.0
2323,中環,2015-07-09,0.0,Dealer_Hedging,0.0
2323,中環,2015-07-09,4000.0,Dealer_self,0.0
2323,中環,2015-07-09,1972000.0,Foreign_Investor,860000.0
2323,中環,2015-07-09,0.0,Investment_Trust,0.0
2323,中環,2015-07-13,0.0,Dealer_Hedging,0.0
2323,中環,2015-07-13,0.0,Dealer_self,0.0
2323,中環,2015-07-13,892000.0,Foreign_Investor,331000.0
2323,中環,2015-07-13,0.0,Investment_Trust,0.0
2323,中環,2015-07-14,0.0,Dealer_Hedging,0.0
2323,中環,2015-07-14,0.0,Dealer_self,2000.0
2323,中環,2015-07-14,1287000.0,Foreign_Investor,1405000.0
2323,中環,2015-07-14,0.0,Investment_Trust,0.0
2323,中環,2015-07-15,0.0,Dealer_Hedging,0.0
2323,中環,2015-07-15,0.0,Dealer_self,53000.0
2323,中環,2015-07-15,2071000.0,Foreign_Investor,809000.0
2323,中環,2015-07-15,0.0,Investment_Trust,0.0
2323,中環,2015-07-16,0.0,Dealer_Hedging,0.0
2323,中環,2015-07-16,0.0,Dealer_self,0.0
2323,中環,2015-07-16,1520000.0,Foreign_Investor,210000.0
2323,中環,2015-07-16,0.0,Investment_Trust,0.0
2323,中環,2015-07-17,0.0,Dealer_Hedging,0.0
2323,中環,2015-07-17,0.0,Dealer_self,0.0
2323,中環,2015-07-17,1772000.0,Foreign_Investor,470000.0
2323,中環,2015-07-17,0.0,Investment_Trust,0.0
2323,中環,2015-07-20,0.0,Dealer_Hedging,0.0
2323,中環,2015-07-20,0.0,Dealer_self,1000.0
2323,中環,2015-07-20,1374000.0,Foreign_Investor,365000.0
2323,中環,2015-07-20,0.0,Investment_Trust,0.0
2323,中環,2015-07-21,0.0,Dealer_Hedging,0.0
2323,中環,2015-07-21,0.0,Dealer_self,0.0
2323,中環,2015-07-21,809000.0,Foreign_Investor,380000.0
2323,中環,2015-07-21,0.0,Investment_Trust,0.0
2323,中環,2015-07-22,0.0,Dealer_Hedging,0.0
2323,中環,2015-07-22,2000.0,Dealer_self,4000.0
2323,中環,2015-07-22,1061000.0,Foreign_Investor,947000.0
2323,中環,2015-07-22,0.0,Investment_Trust,0.0
2323,中環,2015-07-23,0.0,Dealer_Hedging,0.0
2323,中環,2015-07-23,0.0,Dealer_self,0.0
2323,中環,2015-07-23,914000.0,Foreign_Investor,319000.0
2323,中環,2015-07-23,0.0,Investment_Trust,0.0
2323,中環,2015-07-24,0.0,Dealer_Hedging,0.0
2323,中環,2015-07-24,0.0,Dealer_self,0.0
2323,中環,2015-07-24,623000.0,Foreign_Investor,267000.0
2323,中環,2015-07-24,0.0,Investment_Trust,0.0
2323,中環,2015-07-27,0.0,Dealer_Hedging,0.0
2323,中環,2015-07-27,0.0,Dealer_self,0.0
2323,中環,2015-07-27,2451000.0,Foreign_Investor,360000.0
2323,中環,2015-07-27,0.0,Investment_Trust,0.0
2323,中環,2015-07-28,0.0,Dealer_Hedging,0.0
2323,中環,2015-07-28,22000.0,Dealer_self,0.0
2323,中環,2015-07-28,2679000.0,Foreign_Investor,258000.0
2323,中環,2015-07-28,0.0,Investment_Trust,0.0
2323,中環,2015-07-29,0.0,Dealer_Hedging,0.0
2323,中環,2015-07-29,0.0,Dealer_self,22000.0
2323,中環,2015-07-29,1640000.0,Foreign_Investor,747000.0
2323,中環,2015-07-29,0.0,Investment_Trust,0.0
2323,中環,2015-07-30,0.0,Dealer_Hedging,0.0
2323,中環,2015-07-30,0.0,Dealer_self,0.0
2323,中環,2015-07-30,814000.0,Foreign_Investor,880000.0
2323,中環,2015-07-30,0.0,Investment_Trust,0.0
2323,中環,2015-07-31,0.0,Dealer_Hedging,0.0
2323,中環,2015-07-31,0.0,Dealer_self,2000.0
2323,中環,2015-07-31,1721000.0,Foreign_Investor,2150000.0
2323,中環,2015-07-31,0.0,Investment_Trust,0.0
2323,中環,2015-08-03,0.0,Dealer_Hedging,0.0
2323,中環,2015-08-03,0.0,Dealer_self,0.0
2323,中環,2015-08-03,859000.0,Foreign_Investor,706000.0
2323,中環,2015-08-03,0.0,Investment_Trust,0.0
2323,中環,2015-08-04,0.0,Dealer_Hedging,0.0
2323,中環,2015-08-04,0.0,Dealer_self,0.0
2323,中環,2015-08-04,819000.0,Foreign_Investor,725000.0
2323,中環,2015-08-04,0.0,Investment_Trust,0.0
2323,中環,2015-08-05,0.0,Dealer_Hedging,0.0
2323,中環,2015-08-05,0.0,Dealer_self,0.0
2323,中環,2015-08-05,1781000.0,Foreign_Investor,115000.0
2323,中環,2015-08-05,0.0,Investment_Trust,0.0
2323,中環,2015-08-06,0.0,Dealer_Hedging,0.0
2323,中環,2015-08-06,4000.0,Dealer_self,0.0
2323,中環,2015-08-06,263000.0,Foreign_Investor,1503000.0
2323,中環,2015-08-06,0.0,Investment_Trust,0.0
2323,中環,2015-08-07,0.0,Dealer_Hedging,0.0
2323,中環,2015-08-07,0.0,Dealer_self,0.0
2323,中環,2015-08-07,236000.0,Foreign_Investor,1212000.0
2323,中環,2015-08-07,0.0,Investment_Trust,0.0
2323,中環,2015-08-10,0.0,Dealer_Hedging,0.0
2323,中環,2015-08-10,0.0,Dealer_self,0.0
2323,中環,2015-08-10,425000.0,Foreign_Investor,331000.0
2323,中環,2015-08-10,0.0,Investment_Trust,0.0
2323,中環,2015-08-11,0.0,Dealer_Hedging,0.0
2323,中環,2015-08-11,0.0,Dealer_self,0.0
2323,中環,2015-08-11,72000.0,Foreign_Investor,868000.0
2323,中環,2015-08-11,0.0,Investment_Trust,0.0
2323,中環,2015-08-12,0.0,Dealer_Hedging,0.0
2323,中環,2015-08-12,0.0,Dealer_self,0.0
2323,中環,2015-08-12,257000.0,Foreign_Investor,717000.0
2323,中環,2015-08-12,0.0,Investment_Trust,0.0
2323,中環,2015-08-13,0.0,Dealer_Hedging,0.0
2323,中環,2015-08-13,34000.0,Dealer_self,0.0
2323,中環,2015-08-13,1152000.0,Foreign_Investor,322000.0
2323,中環,2015-08-13,0.0,Investment_Trust,0.0
2323,中環,2015-08-14,0.0,Dealer_Hedging,0.0
2323,中環,2015-08-14,0.0,Dealer_self,0.0
2323,中環,2015-08-14,655000.0,Foreign_Investor,142000.0
2323,中環,2015-08-14,0.0,Investment_Trust,0.0
2323,中環,2015-08-17,0.0,Dealer_Hedging,0.0
2323,中環,2015-08-17,58000.0,Dealer_self,10000.0
2323,中環,2015-08-17,1762000.0,Foreign_Investor,378000.0
2323,中環,2015-08-17,0.0,Investment_Trust,0.0
2323,中環,2015-08-18,0.0,Dealer_Hedging,0.0
2323,中環,2015-08-18,2000.0,Dealer_self,0.0
2323,中環,2015-08-18,409000.0,Foreign_Investor,682000.0
2323,中環,2015-08-18,0.0,Investment_Trust,0.0
2323,中環,2015-08-19,0.0,Dealer_Hedging,0.0
2323,中環,2015-08-19,8000.0,Dealer_self,6000.0
2323,中環,2015-08-19,356000.0,Foreign_Investor,1395000.0
2323,中環,2015-08-19,0.0,Investment_Trust,0.0
2323,中環,2015-08-20,0.0,Dealer_Hedging,0.0
2323,中環,2015-08-20,0.0,Dealer_self,2000.0
2323,中環,2015-08-20,2189000.0,Foreign_Investor,398000.0
2323,中環,2015-08-20,0.0,Investment_Trust,0.0
2323,中環,2015-08-21,0.0,Dealer_Hedging,0.0
2323,中環,2015-08-21,16000.0,Dealer_self,0.0
2323,中環,2015-08-21,9084000.0,Foreign_Investor,376000.0
2323,中環,2015-08-21,0.0,Investment_Trust,0.0
2323,中環,2015-08-24,0.0,Dealer_Hedging,0.0
2323,中環,2015-08-24,0.0,Dealer_self,0.0
2323,中環,2015-08-24,10659000.0,Foreign_Investor,1504000.0
2323,中環,2015-08-24,0.0,Investment_Trust,0.0
2323,中環,2015-08-25,0.0,Dealer_Hedging,0.0
2323,中環,2015-08-25,2000.0,Dealer_self,0.0
2323,中環,2015-08-25,5894000.0,Foreign_Investor,499000.0
2323,中環,2015-08-25,0.0,Investment_Trust,0.0
2323,中環,2015-08-26,0.0,Dealer_Hedging,0.0
2323,中環,2015-08-26,0.0,Dealer_self,0.0
2323,中環,2015-08-26,8404000.0,Foreign_Investor,5362000.0
2323,中環,2015-08-26,0.0,Investment_Trust,0.0
2323,中環,2015-08-27,0.0,Dealer_Hedging,0.0
2323,中環,2015-08-27,0.0,Dealer_self,3000.0
2323,中環,2015-08-27,851000.0,Foreign_Investor,2970000.0
2323,中環,2015-08-27,0.0,Investment_Trust,0.0
2323,中環,2015-08-28,0.0,Dealer_Hedging,0.0
2323,中環,2015-08-28,0.0,Dealer_self,0.0
2323,中環,2015-08-28,429000.0,Foreign_Investor,19242000.0
2323,中環,2015-08-28,0.0,Investment_Trust,0.0
2323,中環,2015-08-31,0.0,Dealer_Hedging,0.0
2323,中環,2015-08-31,0.0,Dealer_self,0.0
2323,中環,2015-08-31,475000.0,Foreign_Investor,5403000.0
2323,中環,2015-08-31,0.0,Investment_Trust,0.0
2323,中環,2015-09-01,0.0,Dealer_Hedging,0.0
2323,中環,2015-09-01,0.0,Dealer_self,0.0
2323,中環,2015-09-01,1301000.0,Foreign_Investor,4414000.0
2323,中環,2015-09-01,0.0,Investment_Trust,0.0
2323,中環,2015-09-02,0.0,Dealer_Hedging,0.0
2323,中環,2015-09-02,0.0,Dealer_self,0.0
2323,中環,2015-09-02,1554000.0,Foreign_Investor,100000.0
2323,中環,2015-09-02,0.0,Investment_Trust,0.0
2323,中環,2015-09-17,10000.0,Dealer_Hedging,0.0
2323,中環,2015-09-17,0.0,Dealer_self,42000.0
2323,中環,2015-09-17,1767200.0,Foreign_Investor,113482.0
2323,中環,2015-09-17,0.0,Investment_Trust,0.0
2323,中環,2015-09-18,2000.0,Dealer_Hedging,10000.0
2323,中環,2015-09-18,0.0,Dealer_self,0.0
2323,中環,2015-09-18,245000.0,Foreign_Investor,315001.0
2323,中環,2015-09-18,0.0,Investment_Trust,0.0
2323,中環,2015-09-21,0.0,Dealer_Hedging,2000.0
2323,中環,2015-09-21,3000.0,Dealer_self,8000.0
2323,中環,2015-09-21,1681000.0,Foreign_Investor,663618.0
2323,中環,2015-09-21,0.0,Investment_Trust,0.0
2323,中環,2015-09-22,0.0,Dealer_Hedging,0.0
2323,中環,2015-09-22,48000.0,Dealer_self,2000.0
2323,中環,2015-09-22,3505892.0,Foreign_Investor,517000.0
2323,中環,2015-09-22,0.0,Investment_Trust,0.0
2323,中環,2015-09-23,0.0,Dealer_Hedging,0.0
2323,中環,2015-09-23,20000.0,Dealer_self,0.0
2323,中環,2015-09-23,3723000.0,Foreign_Investor,104000.0
2323,中環,2015-09-23,0.0,Investment_Trust,0.0
2323,中環,2015-09-24,8000.0,Dealer_Hedging,0.0
2323,中環,2015-09-24,12000.0,Dealer_self,2000.0
2323,中環,2015-09-24,4238440.0,Foreign_Investor,53000.0
2323,中環,2015-09-24,0.0,Investment_Trust,0.0
2323,中環,2015-09-25,0.0,Dealer_Hedging,0.0
2323,中環,2015-09-25,32000.0,Dealer_self,0.0
2323,中環,2015-09-25,2960000.0,Foreign_Investor,98000.0
2323,中環,2015-09-25,0.0,Investment_Trust,0.0
2323,中環,2015-09-30,0.0,Dealer_Hedging,4000.0
2323,中環,2015-09-30,0.0,Dealer_self,0.0
2323,中環,2015-09-30,3003000.0,Foreign_Investor,290000.0
2323,中環,2015-09-30,0.0,Investment_Trust,0.0
2323,中環,2015-10-01,0.0,Dealer_Hedging,0.0
2323,中環,2015-10-01,0.0,Dealer_self,0.0
2323,中環,2015-10-01,14000.0,Foreign_Investor,487000.0
2323,中環,2015-10-01,0.0,Investment_Trust,0.0
2323,中環,2015-10-02,0.0,Dealer_Hedging,0.0
2323,中環,2015-10-02,0.0,Dealer_self,0.0
2323,中環,2015-10-02,853000.0,Foreign_Investor,256000.0
2323,中環,2015-10-02,0.0,Investment_Trust,0.0
2323,中環,2015-10-05,0.0,Dealer_Hedging,0.0
2323,中環,2015-10-05,0.0,Dealer_self,0.0
2323,中環,2015-10-05,56000.0,Foreign_Investor,191000.0
2323,中環,2015-10-05,0.0,Investment_Trust,0.0
2323,中環,2015-10-06,0.0,Dealer_Hedging,4000.0
2323,中環,2015-10-06,0.0,Dealer_self,20000.0
2323,中環,2015-10-06,1142000.0,Foreign_Investor,158000.0
2323,中環,2015-10-06,0.0,Investment_Trust,0.0
2323,中環,2015-10-07,0.0,Dealer_Hedging,0.0
2323,中環,2015-10-07,0.0,Dealer_self,3000.0
2323,中環,2015-10-07,673000.0,Foreign_Investor,83000.0
2323,中環,2015-10-07,0.0,Investment_Trust,0.0
2323,中環,2015-10-08,0.0,Dealer_Hedging,0.0
2323,中環,2015-10-08,0.0,Dealer_self,0.0
2323,中環,2015-10-08,817000.0,Foreign_Investor,149000.0
2323,中環,2015-10-08,0.0,Investment_Trust,0.0
2323,中環,2015-10-12,0.0,Dealer_Hedging,0.0
2323,中環,2015-10-12,0.0,Dealer_self,0.0
2323,中環,2015-10-12,780000.0,Foreign_Investor,746000.0
2323,中環,2015-10-12,0.0,Investment_Trust,0.0
2323,中環,2015-10-13,0.0,Dealer_Hedging,0.0
2323,中環,2015-10-13,1000.0,Dealer_self,0.0
2323,中環,2015-10-13,701000.0,Foreign_Investor,294000.0
2323,中環,2015-10-13,0.0,Investment_Trust,0.0
2323,中環,2015-10-14,0.0,Dealer_Hedging,0.0
2323,中環,2015-10-14,0.0,Dealer_self,0.0
2323,中環,2015-10-14,436000.0,Foreign_Investor,298000.0
2323,中環,2015-10-14,0.0,Investment_Trust,0.0
2323,中環,2015-10-15,0.0,Dealer_Hedging,0.0
2323,中環,2015-10-15,0.0,Dealer_self,4000.0
2323,中環,2015-10-15,369000.0,Foreign_Investor,395422.0
2323,中環,2015-10-15,0.0,Investment_Trust,0.0
2323,中環,2015-10-16,0.0,Dealer_Hedging,0.0
2323,中環,2015-10-16,1000.0,Dealer_self,1000.0
2323,中環,2015-10-16,517000.0,Foreign_Investor,238000.0
2323,中環,2015-10-16,0.0,Investment_Trust,0.0
2323,中環,2015-10-19,0.0,Dealer_Hedging,0.0
2323,中環,2015-10-19,0.0,Dealer_self,0.0
2323,中環,2015-10-19,270000.0,Foreign_Investor,587000.0
2323,中環,2015-10-19,0.0,Investment_Trust,0.0
2323,中環,2015-10-20,0.0,Dealer_Hedging,0.0
2323,中環,2015-10-20,0.0,Dealer_self,0.0
2323,中環,2015-10-20,601000.0,Foreign_Investor,415000.0
2323,中環,2015-10-20,0.0,Investment_Trust,0.0
2323,中環,2015-10-21,0.0,Dealer_Hedging,0.0
2323,中環,2015-10-21,0.0,Dealer_self,85000.0
2323,中環,2015-10-21,657000.0,Foreign_Investor,230000.0
2323,中環,2015-10-21,0.0,Investment_Trust,0.0
2323,中環,2015-10-22,0.0,Dealer_Hedging,0.0
2323,中環,2015-10-22,0.0,Dealer_self,0.0
2323,中環,2015-10-22,828000.0,Foreign_Investor,418000.0
2323,中環,2015-10-22,0.0,Investment_Trust,0.0
2323,中環,2015-10-23,0.0,Dealer_Hedging,0.0
2323,中環,2015-10-23,0.0,Dealer_self,0.0
2323,中環,2015-10-23,1573000.0,Foreign_Investor,378296.0
2323,中環,2015-10-23,0.0,Investment_Trust,0.0
2323,中環,2015-10-26,6000.0,Dealer_Hedging,0.0
2323,中環,2015-10-26,0.0,Dealer_self,0.0
2323,中環,2015-10-26,1683000.0,Foreign_Investor,313000.0
2323,中環,2015-10-26,0.0,Investment_Trust,0.0
2323,中環,2015-10-27,0.0,Dealer_Hedging,0.0
2323,中環,2015-10-27,0.0,Dealer_self,0.0
2323,中環,2015-10-27,1270000.0,Foreign_Investor,576000.0
2323,中環,2015-10-27,0.0,Investment_Trust,0.0
2323,中環,2015-10-28,0.0,Dealer_Hedging,0.0
2323,中環,2015-10-28,0.0,Dealer_self,0.0
2323,中環,2015-10-28,851000.0,Foreign_Investor,183000.0
2323,中環,2015-10-28,0.0,Investment_Trust,0.0
2323,中環,2015-10-29,0.0,Dealer_Hedging,0.0
2323,中環,2015-10-29,0.0,Dealer_self,0.0
2323,中環,2015-10-29,1205000.0,Foreign_Investor,152000.0
2323,中環,2015-10-29,0.0,Investment_Trust,0.0
2323,中環,2015-10-30,0.0,Dealer_Hedging,0.0
2323,中環,2015-10-30,0.0,Dealer_self,0.0
2323,中環,2015-10-30,1399000.0,Foreign_Investor,427000.0
2323,中環,2015-10-30,0.0,Investment_Trust,0.0
2323,中環,2015-11-02,0.0,Dealer_Hedging,0.0
2323,中環,2015-11-02,0.0,Dealer_self,0.0
2323,中環,2015-11-02,892000.0,Foreign_Investor,159000.0
2323,中環,2015-11-02,0.0,Investment_Trust,0.0
2323,中環,2015-11-03,0.0,Dealer_Hedging,0.0
2323,中環,2015-11-03,0.0,Dealer_self,0.0
2323,中環,2015-11-03,1614000.0,Foreign_Investor,247000.0
2323,中環,2015-11-03,0.0,Investment_Trust,0.0
2323,中環,2015-11-04,6000.0,Dealer_Hedging,0.0
2323,中環,2015-11-04,5000.0,Dealer_self,0.0
2323,中環,2015-11-04,2057000.0,Foreign_Investor,286000.0
2323,中環,2015-11-04,0.0,Investment_Trust,0.0
2323,中環,2015-11-05,0.0,Dealer_Hedging,0.0
2323,中環,2015-11-05,0.0,Dealer_self,0.0
2323,中環,2015-11-05,507000.0,Foreign_Investor,108000.0
2323,中環,2015-11-05,0.0,Investment_Trust,0.0
2323,中環,2015-11-06,0.0,Dealer_Hedging,6000.0
2323,中環,2015-11-06,0.0,Dealer_self,0.0
2323,中環,2015-11-06,432806.0,Foreign_Investor,550000.0
2323,中環,2015-11-06,0.0,Investment_Trust,0.0
2323,中環,2015-11-09,0.0,Dealer_Hedging,6000.0
2323,中環,2015-11-09,0.0,Dealer_self,0.0
2323,中環,2015-11-09,514000.0,Foreign_Investor,920000.0
2323,中環,2015-11-09,0.0,Investment_Trust,0.0
2323,中環,2015-11-10,0.0,Dealer_Hedging,0.0
2323,中環,2015-11-10,0.0,Dealer_self,0.0
2323,中環,2015-11-10,1021000.0,Foreign_Investor,613000.0
2323,中環,2015-11-10,0.0,Investment_Trust,0.0
2323,中環,2015-11-11,0.0,Dealer_Hedging,0.0
2323,中環,2015-11-11,0.0,Dealer_self,0.0
2323,中環,2015-11-11,809000.0,Foreign_Investor,985000.0
2323,中環,2015-11-11,0.0,Investment_Trust,0.0
2323,中環,2015-11-12,0.0,Dealer_Hedging,0.0
2323,中環,2015-11-12,0.0,Dealer_self,0.0
2323,中環,2015-11-12,433000.0,Foreign_Investor,581000.0
2323,中環,2015-11-12,0.0,Investment_Trust,0.0
2323,中環,2015-11-13,0.0,Dealer_Hedging,0.0
2323,中環,2015-11-13,0.0,Dealer_self,0.0
2323,中環,2015-11-13,851061.0,Foreign_Investor,418000.0
2323,中環,2015-11-13,0.0,Investment_Trust,0.0
2323,中環,2015-11-16,0.0,Dealer_Hedging,0.0
2323,中環,2015-11-16,0.0,Dealer_self,0.0
2323,中環,2015-11-16,880000.0,Foreign_Investor,261000.0
2323,中環,2015-11-16,0.0,Investment_Trust,0.0
2323,中環,2015-11-17,4000.0,Dealer_Hedging,0.0
2323,中環,2015-11-17,0.0,Dealer_self,0.0
2323,中環,2015-11-17,828000.0,Foreign_Investor,27000.0
2323,中環,2015-11-17,0.0,Investment_Trust,0.0
2323,中環,2015-11-18,0.0,Dealer_Hedging,4000.0
2323,中環,2015-11-18,0.0,Dealer_self,0.0
2323,中環,2015-11-18,748000.0,Foreign_Investor,1468000.0
2323,中環,2015-11-18,0.0,Investment_Trust,0.0
2323,中環,2015-11-19,0.0,Dealer_Hedging,0.0
2323,中環,2015-11-19,10000.0,Dealer_self,0.0
2323,中環,2015-11-19,1117000.0,Foreign_Investor,719617.0
2323,中環,2015-11-19,0.0,Investment_Trust,0.0
2323,中環,2015-11-20,0.0,Dealer_Hedging,0.0
2323,中環,2015-11-20,0.0,Dealer_self,1000.0
2323,中環,2015-11-20,851000.0,Foreign_Investor,568000.0
2323,中環,2015-11-20,0.0,Investment_Trust,0.0
2323,中環,2015-11-23,0.0,Dealer_Hedging,0.0
2323,中環,2015-11-23,0.0,Dealer_self,0.0
2323,中環,2015-11-23,452000.0,Foreign_Investor,294000.0
2323,中環,2015-11-23,0.0,Investment_Trust,0.0
2323,中環,2015-11-24,0.0,Dealer_Hedging,0.0
2323,中環,2015-11-24,0.0,Dealer_self,0.0
2323,中環,2015-11-24,811000.0,Foreign_Investor,1349000.0
2323,中環,2015-11-24,0.0,Investment_Trust,0.0
2323,中環,2015-11-25,0.0,Dealer_Hedging,0.0
2323,中環,2015-11-25,0.0,Dealer_self,0.0
2323,中環,2015-11-25,2035000.0,Foreign_Investor,1603000.0
2323,中環,2015-11-25,0.0,Investment_Trust,0.0
2323,中環,2015-11-26,0.0,Dealer_Hedging,0.0
2323,中環,2015-11-26,0.0,Dealer_self,0.0
2323,中環,2015-11-26,284000.0,Foreign_Investor,883000.0
2323,中環,2015-11-26,0.0,Investment_Trust,0.0
2323,中環,2015-11-27,0.0,Dealer_Hedging,0.0
2323,中環,2015-11-27,7000.0,Dealer_self,0.0
2323,中環,2015-11-27,751000.0,Foreign_Investor,359000.0
2323,中環,2015-11-27,0.0,Investment_Trust,0.0
2323,中環,2015-11-30,0.0,Dealer_Hedging,0.0
2323,中環,2015-11-30,0.0,Dealer_self,0.0
2323,中環,2015-11-30,1223000.0,Foreign_Investor,2459000.0
2323,中環,2015-11-30,0.0,Investment_Trust,0.0
2323,中環,2015-12-01,0.0,Dealer_Hedging,0.0
2323,中環,2015-12-01,0.0,Dealer_self,0.0
2323,中環,2015-12-01,1140000.0,Foreign_Investor,832000.0
2323,中環,2015-12-01,0.0,Investment_Trust,0.0
2323,中環,2015-12-02,0.0,Dealer_Hedging,0.0
2323,中環,2015-12-02,0.0,Dealer_self,0.0
2323,中環,2015-12-02,884000.0,Foreign_Investor,813000.0
2323,中環,2015-12-02,0.0,Investment_Trust,0.0
2323,中環,2015-12-03,0.0,Dealer_Hedging,0.0
2323,中環,2015-12-03,0.0,Dealer_self,0.0
2323,中環,2015-12-03,369000.0,Foreign_Investor,829000.0
2323,中環,2015-12-03,0.0,Investment_Trust,0.0
2323,中環,2015-12-04,0.0,Dealer_Hedging,0.0
2323,中環,2015-12-04,0.0,Dealer_self,0.0
2323,中環,2015-12-04,354200.0,Foreign_Investor,651200.0
2323,中環,2015-12-04,0.0,Investment_Trust,0.0
2323,中環,2015-12-07,0.0,Dealer_Hedging,0.0
2323,中環,2015-12-07,0.0,Dealer_self,0.0
2323,中環,2015-12-07,73000.0,Foreign_Investor,644000.0
2323,中環,2015-12-07,0.0,Investment_Trust,0.0
2323,中環,2015-12-08,0.0,Dealer_Hedging,0.0
2323,中環,2015-12-08,0.0,Dealer_self,0.0
2323,中環,2015-12-08,44000.0,Foreign_Investor,1027000.0
2323,中環,2015-12-08,0.0,Investment_Trust,0.0
2323,中環,2015-12-09,0.0,Dealer_Hedging,0.0
2323,中環,2015-12-09,0.0,Dealer_self,0.0
2323,中環,2015-12-09,795200.0,Foreign_Investor,1525000.0
2323,中環,2015-12-09,0.0,Investment_Trust,0.0
2323,中環,2015-12-10,0.0,Dealer_Hedging,0.0
2323,中環,2015-12-10,1000.0,Dealer_self,1000.0
2323,中環,2015-12-10,848200.0,Foreign_Investor,1180854.0
2323,中環,2015-12-10,0.0,Investment_Trust,0.0
2323,中環,2015-12-11,0.0,Dealer_Hedging,0.0
2323,中環,2015-12-11,4000.0,Dealer_self,0.0
2323,中環,2015-12-11,56000.0,Foreign_Investor,312000.0
2323,中環,2015-12-11,0.0,Investment_Trust,0.0
2323,中環,2015-12-14,0.0,Dealer_Hedging,0.0
2323,中環,2015-12-14,2000.0,Dealer_self,18000.0
2323,中環,2015-12-14,262000.0,Foreign_Investor,433000.0
2323,中環,2015-12-14,0.0,Investment_Trust,0.0
2323,中環,2015-12-15,0.0,Dealer_Hedging,0.0
2323,中環,2015-12-15,6000.0,Dealer_self,0.0
2323,中環,2015-12-15,495000.0,Foreign_Investor,518000.0
2323,中環,2015-12-15,0.0,Investment_Trust,0.0
2323,中環,2015-12-16,0.0,Dealer_Hedging,0.0
2323,中環,2015-12-16,4000.0,Dealer_self,22000.0
2323,中環,2015-12-16,726000.0,Foreign_Investor,540324.0
2323,中環,2015-12-16,0.0,Investment_Trust,0.0
2323,中環,2015-12-17,0.0,Dealer_Hedging,0.0
2323,中環,2015-12-17,0.0,Dealer_self,0.0
2323,中環,2015-12-17,1154000.0,Foreign_Investor,313000.0
2323,中環,2015-12-17,0.0,Investment_Trust,0.0
2323,中環,2015-12-18,0.0,Dealer_Hedging,0.0
2323,中環,2015-12-18,0.0,Dealer_self,4000.0
2323,中環,2015-12-18,1050000.0,Foreign_Investor,868000.0
2323,中環,2015-12-18,0.0,Investment_Trust,0.0
2323,中環,2015-12-21,0.0,Dealer_Hedging,0.0
2323,中環,2015-12-21,0.0,Dealer_self,0.0
2323,中環,2015-12-21,379000.0,Foreign_Investor,70000.0
2323,中環,2015-12-21,0.0,Investment_Trust,0.0
2323,中環,2015-12-22,0.0,Dealer_Hedging,0.0
2323,中環,2015-12-22,0.0,Dealer_self,0.0
2323,中環,2015-12-22,190000.0,Foreign_Investor,118000.0
2323,中環,2015-12-22,0.0,Investment_Trust,0.0
2323,中環,2015-12-23,0.0,Dealer_Hedging,0.0
2323,中環,2015-12-23,0.0,Dealer_self,0.0
2323,中環,2015-12-23,590000.0,Foreign_Investor,190000.0
2323,中環,2015-12-23,0.0,Investment_Trust,0.0
2323,中環,2015-12-24,0.0,Dealer_Hedging,0.0
2323,中環,2015-12-24,4000.0,Dealer_self,0.0
2323,中環,2015-12-24,522000.0,Foreign_Investor,61000.0
2323,中環,2015-12-24,0.0,Investment_Trust,0.0
2323,中環,2015-12-25,0.0,Dealer_Hedging,0.0
2323,中環,2015-12-25,0.0,Dealer_self,0.0
2323,中環,2015-12-25,622000.0,Foreign_Investor,63000.0
2323,中環,2015-12-25,0.0,Investment_Trust,0.0
2323,中環,2015-12-28,0.0,Dealer_Hedging,0.0
2323,中環,2015-12-28,0.0,Dealer_self,0.0
2323,中環,2015-12-28,347000.0,Foreign_Investor,0.0
2323,中環,2015-12-28,0.0,Investment_Trust,0.0
2323,中環,2015-12-29,0.0,Dealer_Hedging,0.0
2323,中環,2015-12-29,0.0,Dealer_self,0.0
2323,中環,2015-12-29,327000.0,Foreign_Investor,1217867.0
2323,中環,2015-12-29,0.0,Investment_Trust,0.0
2323,中環,2015-12-30,0.0,Dealer_Hedging,0.0
2323,中環,2015-12-30,0.0,Dealer_self,0.0
2323,中環,2015-12-30,1026000.0,Foreign_Investor,240000.0
2323,中環,2015-12-30,0.0,Investment_Trust,0.0
2323,中環,2015-12-31,0.0,Dealer_Hedging,0.0
2323,中環,2015-12-31,2000.0,Dealer_self,0.0
2323,中環,2015-12-31,187000.0,Foreign_Investor,438000.0
2323,中環,2015-12-31,0.0,Investment_Trust,0.0
2323,中環,2016-01-04,0.0,Dealer_Hedging,0.0
2323,中環,2016-01-04,4000.0,Dealer_self,0.0
2323,中環,2016-01-04,27000.0,Foreign_Investor,470000.0
2323,中環,2016-01-04,0.0,Investment_Trust,0.0
2323,中環,2016-01-05,0.0,Dealer_Hedging,0.0
2323,中環,2016-01-05,0.0,Dealer_self,0.0
2323,中環,2016-01-05,304000.0,Foreign_Investor,604000.0
2323,中環,2016-01-05,0.0,Investment_Trust,0.0
2323,中環,2016-01-06,0.0,Dealer_Hedging,0.0
2323,中環,2016-01-06,0.0,Dealer_self,1000.0
2323,中環,2016-01-06,410000.0,Foreign_Investor,2389830.0
2323,中環,2016-01-06,0.0,Investment_Trust,0.0
2323,中環,2016-01-07,0.0,Dealer_Hedging,0.0
2323,中環,2016-01-07,0.0,Dealer_self,0.0
2323,中環,2016-01-07,737000.0,Foreign_Investor,2489000.0
2323,中環,2016-01-07,0.0,Investment_Trust,0.0
2323,中環,2016-01-08,0.0,Dealer_Hedging,0.0
2323,中環,2016-01-08,0.0,Dealer_self,0.0
2323,中環,2016-01-08,638000.0,Foreign_Investor,202000.0
2323,中環,2016-01-08,0.0,Investment_Trust,0.0
2323,中環,2016-01-11,0.0,Dealer_Hedging,0.0
2323,中環,2016-01-11,0.0,Dealer_self,0.0
2323,中環,2016-01-11,509000.0,Foreign_Investor,2099208.0
2323,中環,2016-01-11,0.0,Investment_Trust,0.0
2323,中環,2016-01-12,0.0,Dealer_Hedging,0.0
2323,中環,2016-01-12,0.0,Dealer_self,0.0
2323,中環,2016-01-12,220000.0,Foreign_Investor,338000.0
2323,中環,2016-01-12,0.0,Investment_Trust,0.0
2323,中環,2016-01-13,0.0,Dealer_Hedging,0.0
2323,中環,2016-01-13,0.0,Dealer_self,0.0
2323,中環,2016-01-13,72000.0,Foreign_Investor,761420.0
2323,中環,2016-01-13,0.0,Investment_Trust,0.0
2323,中環,2016-01-14,0.0,Dealer_Hedging,0.0
2323,中環,2016-01-14,0.0,Dealer_self,0.0
2323,中環,2016-01-14,983000.0,Foreign_Investor,236000.0
2323,中環,2016-01-14,0.0,Investment_Trust,0.0
2323,中環,2016-01-15,0.0,Dealer_Hedging,0.0
2323,中環,2016-01-15,0.0,Dealer_self,0.0
2323,中環,2016-01-15,583000.0,Foreign_Investor,343000.0
2323,中環,2016-01-15,0.0,Investment_Trust,0.0
2323,中環,2016-01-18,0.0,Dealer_Hedging,0.0
2323,中環,2016-01-18,0.0,Dealer_self,0.0
2323,中環,2016-01-18,740000.0,Foreign_Investor,47000.0
2323,中環,2016-01-18,0.0,Investment_Trust,0.0
2323,中環,2016-01-19,0.0,Dealer_Hedging,0.0
2323,中環,2016-01-19,0.0,Dealer_self,0.0
2323,中環,2016-01-19,412000.0,Foreign_Investor,192000.0
2323,中環,2016-01-19,0.0,Investment_Trust,0.0
2323,中環,2016-01-20,0.0,Dealer_Hedging,0.0
2323,中環,2016-01-20,11000.0,Dealer_self,14000.0
2323,中環,2016-01-20,353000.0,Foreign_Investor,363000.0
2323,中環,2016-01-20,0.0,Investment_Trust,0.0
2323,中環,2016-01-21,0.0,Dealer_Hedging,0.0
2323,中環,2016-01-21,0.0,Dealer_self,0.0
2323,中環,2016-01-21,809000.0,Foreign_Investor,927000.0
2323,中環,2016-01-21,0.0,Investment_Trust,0.0
2323,中環,2016-01-22,0.0,Dealer_Hedging,0.0
2323,中環,2016-01-22,0.0,Dealer_self,0.0
2323,中環,2016-01-22,596000.0,Foreign_Investor,337000.0
2323,中環,2016-01-22,0.0,Investment_Trust,0.0
2323,中環,2016-01-25,0.0,Dealer_Hedging,0.0
2323,中環,2016-01-25,0.0,Dealer_self,0.0
2323,中環,2016-01-25,1020000.0,Foreign_Investor,199000.0
2323,中環,2016-01-25,0.0,Investment_Trust,0.0
2323,中環,2016-01-26,0.0,Dealer_Hedging,0.0
2323,中環,2016-01-26,0.0,Dealer_self,111000.0
2323,中環,2016-01-26,405000.0,Foreign_Investor,92000.0
2323,中環,2016-01-26,0.0,Investment_Trust,0.0
2323,中環,2016-01-27,0.0,Dealer_Hedging,0.0
2323,中環,2016-01-27,0.0,Dealer_self,0.0
2323,中環,2016-01-27,674000.0,Foreign_Investor,57000.0
2323,中環,2016-01-27,0.0,Investment_Trust,0.0
2323,中環,2016-01-28,0.0,Dealer_Hedging,0.0
2323,中環,2016-01-28,0.0,Dealer_self,0.0
2323,中環,2016-01-28,478000.0,Foreign_Investor,545000.0
2323,中環,2016-01-28,0.0,Investment_Trust,0.0
2323,中環,2016-01-29,0.0,Dealer_Hedging,0.0
2323,中環,2016-01-29,0.0,Dealer_self,0.0
2323,中環,2016-01-29,828000.0,Foreign_Investor,150200.0
2323,中環,2016-01-29,0.0,Investment_Trust,0.0
2323,中環,2016-01-30,2000.0,Dealer_Hedging,0.0
2323,中環,2016-01-30,0.0,Dealer_self,0.0
2323,中環,2016-01-30,0.0,Foreign_Investor,0.0
2323,中環,2016-01-30,0.0,Investment_Trust,0.0
2323,中環,2016-02-01,0.0,Dealer_Hedging,0.0
2323,中環,2016-02-01,0.0,Dealer_self,0.0
2323,中環,2016-02-01,621000.0,Foreign_Investor,162000.0
2323,中環,2016-02-01,0.0,Investment_Trust,0.0
2323,中環,2016-02-02,0.0,Dealer_Hedging,0.0
2323,中環,2016-02-02,0.0,Dealer_self,0.0
2323,中環,2016-02-02,240000.0,Foreign_Investor,104000.0
2323,中環,2016-02-02,0.0,Investment_Trust,0.0
2323,中環,2016-02-03,0.0,Dealer_Hedging,0.0
2323,中環,2016-02-03,0.0,Dealer_self,0.0
2323,中環,2016-02-03,1392000.0,Foreign_Investor,40000.0
2323,中環,2016-02-03,0.0,Investment_Trust,0.0
2323,中環,2016-02-05,0.0,Dealer_Hedging,0.0
2323,中環,2016-02-05,12000.0,Dealer_self,3000.0
2323,中環,2016-02-05,835000.0,Foreign_Investor,341000.0
2323,中環,2016-02-05,0.0,Investment_Trust,0.0
2323,中環,2016-02-15,0.0,Dealer_Hedging,0.0
2323,中環,2016-02-15,0.0,Dealer_self,0.0
2323,中環,2016-02-15,328000.0,Foreign_Investor,282000.0
2323,中環,2016-02-15,0.0,Investment_Trust,0.0
2323,中環,2016-02-16,0.0,Dealer_Hedging,0.0
2323,中環,2016-02-16,0.0,Dealer_self,11000.0
2323,中環,2016-02-16,1372000.0,Foreign_Investor,412000.0
2323,中環,2016-02-16,0.0,Investment_Trust,0.0
2323,中環,2016-02-17,0.0,Dealer_Hedging,0.0
2323,中環,2016-02-17,79000.0,Dealer_self,0.0
2323,中環,2016-02-17,884000.0,Foreign_Investor,1248000.0
2323,中環,2016-02-17,0.0,Investment_Trust,0.0
2323,中環,2016-02-18,0.0,Dealer_Hedging,0.0
2323,中環,2016-02-18,14000.0,Dealer_self,0.0
2323,中環,2016-02-18,2046000.0,Foreign_Investor,656000.0
2323,中環,2016-02-18,0.0,Investment_Trust,0.0
2323,中環,2016-02-19,0.0,Dealer_Hedging,2000.0
2323,中環,2016-02-19,0.0,Dealer_self,0.0
2323,中環,2016-02-19,810000.0,Foreign_Investor,818000.0
2323,中環,2016-02-19,0.0,Investment_Trust,0.0
2323,中環,2016-02-22,0.0,Dealer_Hedging,0.0
2323,中環,2016-02-22,0.0,Dealer_self,0.0
2323,中環,2016-02-22,931000.0,Foreign_Investor,39000.0
2323,中環,2016-02-22,0.0,Investment_Trust,0.0
2323,中環,2016-02-23,0.0,Dealer_Hedging,0.0
2323,中環,2016-02-23,0.0,Dealer_self,0.0
2323,中環,2016-02-23,668000.0,Foreign_Investor,951448.0
2323,中環,2016-02-23,0.0,Investment_Trust,0.0
2323,中環,2016-02-24,0.0,Dealer_Hedging,0.0
2323,中環,2016-02-24,0.0,Dealer_self,11000.0
2323,中環,2016-02-24,361000.0,Foreign_Investor,242000.0
2323,中環,2016-02-24,0.0,Investment_Trust,0.0
2323,中環,2016-02-25,0.0,Dealer_Hedging,0.0
2323,中環,2016-02-25,0.0,Dealer_self,0.0
2323,中環,2016-02-25,884000.0,Foreign_Investor,480811.0
2323,中環,2016-02-25,0.0,Investment_Trust,0.0
2323,中環,2016-02-26,0.0,Dealer_Hedging,0.0
2323,中環,2016-02-26,0.0,Dealer_self,6000.0
2323,中環,2016-02-26,1504000.0,Foreign_Investor,279000.0
2323,中環,2016-02-26,0.0,Investment_Trust,0.0
2323,中環,2016-03-01,0.0,Dealer_Hedging,0.0
2323,中環,2016-03-01,0.0,Dealer_self,0.0
2323,中環,2016-03-01,654000.0,Foreign_Investor,134000.0
2323,中環,2016-03-01,0.0,Investment_Trust,0.0
2323,中環,2016-03-02,0.0,Dealer_Hedging,0.0
2323,中環,2016-03-02,0.0,Dealer_self,1000.0
2323,中環,2016-03-02,731000.0,Foreign_Investor,78000.0
2323,中環,2016-03-02,0.0,Investment_Trust,0.0
2323,中環,2016-03-03,0.0,Dealer_Hedging,0.0
2323,中環,2016-03-03,0.0,Dealer_self,10000.0
2323,中環,2016-03-03,550000.0,Foreign_Investor,31000.0
2323,中環,2016-03-03,0.0,Investment_Trust,0.0
2323,中環,2016-03-04,0.0,Dealer_Hedging,0.0
2323,中環,2016-03-04,0.0,Dealer_self,15000.0
2323,中環,2016-03-04,363000.0,Foreign_Investor,254000.0
2323,中環,2016-03-04,0.0,Investment_Trust,0.0
2323,中環,2016-03-07,0.0,Dealer_Hedging,0.0
2323,中環,2016-03-07,0.0,Dealer_self,6000.0
2323,中環,2016-03-07,121343.0,Foreign_Investor,508000.0
2323,中環,2016-03-07,0.0,Investment_Trust,0.0
2323,中環,2016-03-08,50000.0,Dealer_Hedging,0.0
2323,中環,2016-03-08,0.0,Dealer_self,61000.0
2323,中環,2016-03-08,551000.0,Foreign_Investor,49000.0
2323,中環,2016-03-08,219000.0,Investment_Trust,0.0
2323,中環,2016-03-09,0.0,Dealer_Hedging,20000.0
2323,中環,2016-03-09,14000.0,Dealer_self,0.0
2323,中環,2016-03-09,733000.0,Foreign_Investor,93000.0
2323,中環,2016-03-09,0.0,Investment_Trust,0.0
2323,中環,2016-03-10,0.0,Dealer_Hedging,0.0
2323,中環,2016-03-10,219000.0,Dealer_self,0.0
2323,中環,2016-03-10,384000.0,Foreign_Investor,0.0
2323,中環,2016-03-10,0.0,Investment_Trust,0.0
2323,中環,2016-03-11,0.0,Dealer_Hedging,0.0
2323,中環,2016-03-11,0.0,Dealer_self,0.0
2323,中環,2016-03-11,589000.0,Foreign_Investor,210000.0
2323,中環,2016-03-11,0.0,Investment_Trust,0.0
2323,中環,2016-03-14,0.0,Dealer_Hedging,0.0
2323,中環,2016-03-14,10000.0,Dealer_self,0.0
2323,中環,2016-03-14,595000.0,Foreign_Investor,4000.0
2323,中環,2016-03-14,0.0,Investment_Trust,0.0
2323,中環,2016-03-15,0.0,Dealer_Hedging,0.0
2323,中環,2016-03-15,8000.0,Dealer_self,0.0
2323,中環,2016-03-15,1049000.0,Foreign_Investor,212000.0
2323,中環,2016-03-15,0.0,Investment_Trust,0.0
2323,中環,2016-03-16,0.0,Dealer_Hedging,0.0
2323,中環,2016-03-16,89000.0,Dealer_self,0.0
2323,中環,2016-03-16,645000.0,Foreign_Investor,25000.0
2323,中環,2016-03-16,0.0,Investment_Trust,0.0
2323,中環,2016-03-17,0.0,Dealer_Hedging,0.0
2323,中環,2016-03-17,0.0,Dealer_self,10000.0
2323,中環,2016-03-17,385000.0,Foreign_Investor,503000.0
2323,中環,2016-03-17,0.0,Investment_Trust,0.0
2323,中環,2016-03-18,0.0,Dealer_Hedging,0.0
2323,中環,2016-03-18,0.0,Dealer_self,1000.0
2323,中環,2016-03-18,599000.0,Foreign_Investor,149000.0
2323,中環,2016-03-18,0.0,Investment_Trust,0.0
2323,中環,2016-03-21,0.0,Dealer_Hedging,0.0
2323,中環,2016-03-21,0.0,Dealer_self,0.0
2323,中環,2016-03-21,227000.0,Foreign_Investor,32000.0
2323,中環,2016-03-21,0.0,Investment_Trust,0.0
2323,中環,2016-03-22,0.0,Dealer_Hedging,0.0
2323,中環,2016-03-22,0.0,Dealer_self,53000.0
2323,中環,2016-03-22,177000.0,Foreign_Investor,115000.0
2323,中環,2016-03-22,0.0,Investment_Trust,0.0
2323,中環,2016-03-23,0.0,Dealer_Hedging,0.0
2323,中環,2016-03-23,21000.0,Dealer_self,2000.0
2323,中環,2016-03-23,55000.0,Foreign_Investor,219000.0
2323,中環,2016-03-23,0.0,Investment_Trust,0.0
2323,中環,2016-03-24,0.0,Dealer_Hedging,0.0
2323,中環,2016-03-24,0.0,Dealer_self,20000.0
2323,中環,2016-03-24,234000.0,Foreign_Investor,58000.0
2323,中環,2016-03-24,0.0,Investment_Trust,0.0
2323,中環,2016-03-25,0.0,Dealer_Hedging,0.0
2323,中環,2016-03-25,0.0,Dealer_self,0.0
2323,中環,2016-03-25,20000.0,Foreign_Investor,138000.0
2323,中環,2016-03-25,0.0,Investment_Trust,0.0
2323,中環,2016-03-28,0.0,Dealer_Hedging,0.0
2323,中環,2016-03-28,4000.0,Dealer_self,0.0
2323,中環,2016-03-28,35000.0,Foreign_Investor,641000.0
2323,中環,2016-03-28,0.0,Investment_Trust,0.0
2323,中環,2016-03-29,0.0,Dealer_Hedging,0.0
2323,中環,2016-03-29,0.0,Dealer_self,0.0
2323,中環,2016-03-29,1026000.0,Foreign_Investor,734000.0
2323,中環,2016-03-29,0.0,Investment_Trust,0.0
2323,中環,2016-03-30,0.0,Dealer_Hedging,0.0
2323,中環,2016-03-30,0.0,Dealer_self,0.0
2323,中環,2016-03-30,178000.0,Foreign_Investor,192000.0
2323,中環,2016-03-30,0.0,Investment_Trust,0.0
2323,中環,2016-03-31,1000.0,Dealer_Hedging,0.0
2323,中環,2016-03-31,9000.0,Dealer_self,20000.0
2323,中環,2016-03-31,209000.0,Foreign_Investor,594062.0
2323,中環,2016-03-31,0.0,Investment_Trust,0.0
2323,中環,2016-04-01,0.0,Dealer_Hedging,1000.0
2323,中環,2016-04-01,0.0,Dealer_self,0.0
2323,中環,2016-04-01,203000.0,Foreign_Investor,824000.0
2323,中環,2016-04-01,0.0,Investment_Trust,0.0
2323,中環,2016-04-06,0.0,Dealer_Hedging,0.0
2323,中環,2016-04-06,0.0,Dealer_self,16000.0
2323,中環,2016-04-06,736000.0,Foreign_Investor,745000.0
2323,中環,2016-04-06,0.0,Investment_Trust,0.0
2323,中環,2016-04-07,0.0,Dealer_Hedging,19000.0
2323,中環,2016-04-07,4000.0,Dealer_self,171000.0
2323,中環,2016-04-07,461000.0,Foreign_Investor,535000.0
2323,中環,2016-04-07,0.0,Investment_Trust,0.0
2323,中環,2016-04-08,0.0,Dealer_Hedging,0.0
2323,中環,2016-04-08,0.0,Dealer_self,72000.0
2323,中環,2016-04-08,285000.0,Foreign_Investor,436322.0
2323,中環,2016-04-08,0.0,Investment_Trust,0.0
2323,中環,2016-04-11,0.0,Dealer_Hedging,0.0
2323,中環,2016-04-11,0.0,Dealer_self,24000.0
2323,中環,2016-04-11,245000.0,Foreign_Investor,269000.0
2323,中環,2016-04-11,0.0,Investment_Trust,0.0
2323,中環,2016-04-12,0.0,Dealer_Hedging,11000.0
2323,中環,2016-04-12,0.0,Dealer_self,0.0
2323,中環,2016-04-12,180000.0,Foreign_Investor,881000.0
2323,中環,2016-04-12,0.0,Investment_Trust,0.0
2323,中環,2016-04-13,0.0,Dealer_Hedging,0.0
2323,中環,2016-04-13,0.0,Dealer_self,0.0
2323,中環,2016-04-13,175000.0,Foreign_Investor,449000.0
2323,中環,2016-04-13,0.0,Investment_Trust,0.0
2323,中環,2016-04-14,0.0,Dealer_Hedging,0.0
2323,中環,2016-04-14,0.0,Dealer_self,59000.0
2323,中環,2016-04-14,95000.0,Foreign_Investor,185000.0
2323,中環,2016-04-14,0.0,Investment_Trust,0.0
2323,中環,2016-04-15,0.0,Dealer_Hedging,0.0
2323,中環,2016-04-15,0.0,Dealer_self,3000.0
2323,中環,2016-04-15,189000.0,Foreign_Investor,601000.0
2323,中環,2016-04-15,0.0,Investment_Trust,0.0
2323,中環,2016-04-18,0.0,Dealer_Hedging,0.0
2323,中環,2016-04-18,0.0,Dealer_self,25000.0
2323,中環,2016-04-18,255000.0,Foreign_Investor,177000.0
2323,中環,2016-04-18,0.0,Investment_Trust,0.0
2323,中環,2016-04-19,0.0,Dealer_Hedging,0.0
2323,中環,2016-04-19,195000.0,Dealer_self,12000.0
2323,中環,2016-04-19,638000.0,Foreign_Investor,208000.0
2323,中環,2016-04-19,0.0,Investment_Trust,0.0
2323,中環,2016-04-20,0.0,Dealer_Hedging,0.0
2323,中環,2016-04-20,0.0,Dealer_self,139000.0
2323,中環,2016-04-20,519000.0,Foreign_Investor,572000.0
2323,中環,2016-04-20,0.0,Investment_Trust,0.0
2323,中環,2016-04-21,0.0,Dealer_Hedging,0.0
2323,中環,2016-04-21,0.0,Dealer_self,56000.0
2323,中環,2016-04-21,263000.0,Foreign_Investor,702000.0
2323,中環,2016-04-21,0.0,Investment_Trust,0.0
2323,中環,2016-04-22,0.0,Dealer_Hedging,0.0
2323,中環,2016-04-22,0.0,Dealer_self,0.0
2323,中環,2016-04-22,1000.0,Foreign_Investor,381000.0
2323,中環,2016-04-22,0.0,Investment_Trust,0.0
2323,中環,2016-04-25,0.0,Dealer_Hedging,0.0
2323,中環,2016-04-25,0.0,Dealer_self,0.0
2323,中環,2016-04-25,42000.0,Foreign_Investor,557000.0
2323,中環,2016-04-25,0.0,Investment_Trust,0.0
2323,中環,2016-04-26,0.0,Dealer_Hedging,0.0
2323,中環,2016-04-26,0.0,Dealer_self,0.0
2323,中環,2016-04-26,135000.0,Foreign_Investor,423243.0
2323,中環,2016-04-26,0.0,Investment_Trust,0.0
2323,中環,2016-04-27,0.0,Dealer_Hedging,0.0
2323,中環,2016-04-27,0.0,Dealer_self,0.0
2323,中環,2016-04-27,185000.0,Foreign_Investor,143000.0
2323,中環,2016-04-27,0.0,Investment_Trust,0.0
2323,中環,2016-04-28,0.0,Dealer_Hedging,0.0
2323,中環,2016-04-28,0.0,Dealer_self,0.0
2323,中環,2016-04-28,246000.0,Foreign_Investor,137000.0
2323,中環,2016-04-28,0.0,Investment_Trust,0.0
2323,中環,2016-04-29,0.0,Dealer_Hedging,0.0
2323,中環,2016-04-29,0.0,Dealer_self,0.0
2323,中環,2016-04-29,385000.0,Foreign_Investor,1145000.0
2323,中環,2016-04-29,0.0,Investment_Trust,0.0
2323,中環,2016-05-03,0.0,Dealer_Hedging,0.0
2323,中環,2016-05-03,0.0,Dealer_self,35000.0
2323,中環,2016-05-03,185000.0,Foreign_Investor,690000.0
2323,中環,2016-05-03,0.0,Investment_Trust,0.0
2323,中環,2016-05-04,0.0,Dealer_Hedging,0.0
2323,中環,2016-05-04,0.0,Dealer_self,0.0
2323,中環,2016-05-04,187000.0,Foreign_Investor,203000.0
2323,中環,2016-05-04,0.0,Investment_Trust,0.0
2323,中環,2016-05-05,0.0,Dealer_Hedging,0.0
2323,中環,2016-05-05,0.0,Dealer_self,0.0
2323,中環,2016-05-05,42000.0,Foreign_Investor,225000.0
2323,中環,2016-05-05,0.0,Investment_Trust,0.0
2323,中環,2016-05-06,0.0,Dealer_Hedging,0.0
2323,中環,2016-05-06,0.0,Dealer_self,0.0
2323,中環,2016-05-06,6000.0,Foreign_Investor,837090.0
2323,中環,2016-05-06,0.0,Investment_Trust,0.0
2323,中環,2016-05-09,0.0,Dealer_Hedging,0.0
2323,中環,2016-05-09,0.0,Dealer_self,0.0
2323,中環,2016-05-09,7000.0,Foreign_Investor,151000.0
2323,中環,2016-05-09,0.0,Investment_Trust,0.0
2323,中環,2016-05-10,0.0,Dealer_Hedging,0.0
2323,中環,2016-05-10,0.0,Dealer_self,0.0
2323,中環,2016-05-10,4000.0,Foreign_Investor,278000.0
2323,中環,2016-05-10,0.0,Investment_Trust,0.0
2323,中環,2016-05-11,0.0,Dealer_Hedging,0.0
2323,中環,2016-05-11,24000.0,Dealer_self,0.0
2323,中環,2016-05-11,15000.0,Foreign_Investor,176000.0
2323,中環,2016-05-11,0.0,Investment_Trust,0.0
2323,中環,2016-05-12,0.0,Dealer_Hedging,0.0
2323,中環,2016-05-12,0.0,Dealer_self,0.0
2323,中環,2016-05-12,0.0,Foreign_Investor,111000.0
2323,中環,2016-05-12,0.0,Investment_Trust,0.0
2323,中環,2016-05-13,0.0,Dealer_Hedging,0.0
2323,中環,2016-05-13,0.0,Dealer_self,1000.0
2323,中環,2016-05-13,41000.0,Foreign_Investor,167000.0
2323,中環,2016-05-13,0.0,Investment_Trust,0.0
2323,中環,2016-05-16,0.0,Dealer_Hedging,0.0
2323,中環,2016-05-16,0.0,Dealer_self,0.0
2323,中環,2016-05-16,309000.0,Foreign_Investor,151000.0
2323,中環,2016-05-16,0.0,Investment_Trust,0.0
2323,中環,2016-05-17,0.0,Dealer_Hedging,0.0
2323,中環,2016-05-17,0.0,Dealer_self,0.0
2323,中環,2016-05-17,321000.0,Foreign_Investor,277000.0
2323,中環,2016-05-17,0.0,Investment_Trust,0.0
2323,中環,2016-05-18,0.0,Dealer_Hedging,0.0
2323,中環,2016-05-18,0.0,Dealer_self,7000.0
2323,中環,2016-05-18,1515000.0,Foreign_Investor,170000.0
2323,中環,2016-05-18,0.0,Investment_Trust,0.0
2323,中環,2016-05-19,0.0,Dealer_Hedging,0.0
2323,中環,2016-05-19,2000.0,Dealer_self,0.0
2323,中環,2016-05-19,412000.0,Foreign_Investor,536000.0
2323,中環,2016-05-19,0.0,Investment_Trust,0.0
2323,中環,2016-05-20,0.0,Dealer_Hedging,0.0
2323,中環,2016-05-20,0.0,Dealer_self,2000.0
2323,中環,2016-05-20,601000.0,Foreign_Investor,1027652.0
2323,中環,2016-05-20,0.0,Investment_Trust,0.0
2323,中環,2016-05-23,0.0,Dealer_Hedging,0.0
2323,中環,2016-05-23,0.0,Dealer_self,0.0
2323,中環,2016-05-23,688000.0,Foreign_Investor,930000.0
2323,中環,2016-05-23,0.0,Investment_Trust,0.0
2323,中環,2016-05-24,0.0,Dealer_Hedging,0.0
2323,中環,2016-05-24,0.0,Dealer_self,0.0
2323,中環,2016-05-24,681000.0,Foreign_Investor,753000.0
2323,中環,2016-05-24,0.0,Investment_Trust,0.0
2323,中環,2016-05-25,0.0,Dealer_Hedging,0.0
2323,中環,2016-05-25,1000.0,Dealer_self,0.0
2323,中環,2016-05-25,370000.0,Foreign_Investor,497000.0
2323,中環,2016-05-25,0.0,Investment_Trust,0.0
2323,中環,2016-05-26,0.0,Dealer_Hedging,0.0
2323,中環,2016-05-26,1000.0,Dealer_self,0.0
2323,中環,2016-05-26,724000.0,Foreign_Investor,922000.0
2323,中環,2016-05-26,0.0,Investment_Trust,0.0
2323,中環,2016-05-27,0.0,Dealer_Hedging,0.0
2323,中環,2016-05-27,0.0,Dealer_self,0.0
2323,中環,2016-05-27,623000.0,Foreign_Investor,650000.0
2323,中環,2016-05-27,0.0,Investment_Trust,0.0
2323,中環,2016-05-30,0.0,Dealer_Hedging,0.0
2323,中環,2016-05-30,0.0,Dealer_self,0.0
2323,中環,2016-05-30,636000.0,Foreign_Investor,838000.0
2323,中環,2016-05-30,0.0,Investment_Trust,0.0
2323,中環,2016-05-31,0.0,Dealer_Hedging,0.0
2323,中環,2016-05-31,25000.0,Dealer_self,0.0
2323,中環,2016-05-31,1531000.0,Foreign_Investor,2077000.0
2323,中環,2016-05-31,0.0,Investment_Trust,0.0
2323,中環,2016-06-01,94000.0,Dealer_Hedging,0.0
2323,中環,2016-06-01,84000.0,Dealer_self,4000.0
2323,中環,2016-06-01,71000.0,Foreign_Investor,8734678.0
2323,中環,2016-06-01,0.0,Investment_Trust,0.0
2323,中環,2016-06-02,0.0,Dealer_Hedging,0.0
2323,中環,2016-06-02,184000.0,Dealer_self,0.0
2323,中環,2016-06-02,358000.0,Foreign_Investor,378719.0
2323,中環,2016-06-02,0.0,Investment_Trust,0.0
2323,中環,2016-06-03,0.0,Dealer_Hedging,0.0
2323,中環,2016-06-03,379000.0,Dealer_self,0.0
2323,中環,2016-06-03,275000.0,Foreign_Investor,176000.0
2323,中環,2016-06-03,0.0,Investment_Trust,0.0
2323,中環,2016-06-04,36000.0,Dealer_Hedging,0.0
2323,中環,2016-06-04,0.0,Dealer_self,0.0
2323,中環,2016-06-04,0.0,Foreign_Investor,0.0
2323,中環,2016-06-04,0.0,Investment_Trust,0.0
2323,中環,2016-06-06,0.0,Dealer_Hedging,0.0
2323,中環,2016-06-06,0.0,Dealer_self,188000.0
2323,中環,2016-06-06,159000.0,Foreign_Investor,323008.0
2323,中環,2016-06-06,0.0,Investment_Trust,0.0
2323,中環,2016-06-07,0.0,Dealer_Hedging,3000.0
2323,中環,2016-06-07,70000.0,Dealer_self,30000.0
2323,中環,2016-06-07,1097000.0,Foreign_Investor,19000.0
2323,中環,2016-06-07,0.0,Investment_Trust,0.0
2323,中環,2016-06-08,0.0,Dealer_Hedging,127000.0
2323,中環,2016-06-08,8000.0,Dealer_self,3000.0
2323,中環,2016-06-08,789000.0,Foreign_Investor,712000.0
2323,中環,2016-06-08,0.0,Investment_Trust,0.0
2323,中環,2016-06-13,0.0,Dealer_Hedging,0.0
2323,中環,2016-06-13,1000.0,Dealer_self,19000.0
2323,中環,2016-06-13,79000.0,Foreign_Investor,277000.0
2323,中環,2016-06-13,0.0,Investment_Trust,219000.0
2323,中環,2016-06-14,0.0,Dealer_Hedging,0.0
2323,中環,2016-06-14,20000.0,Dealer_self,0.0
2323,中環,2016-06-14,622000.0,Foreign_Investor,143000.0
2323,中環,2016-06-14,0.0,Investment_Trust,0.0
2323,中環,2016-06-15,0.0,Dealer_Hedging,0.0
2323,中環,2016-06-15,48000.0,Dealer_self,0.0
2323,中環,2016-06-15,725000.0,Foreign_Investor,424000.0
2323,中環,2016-06-15,0.0,Investment_Trust,0.0
2323,中環,2016-06-16,0.0,Dealer_Hedging,0.0
2323,中環,2016-06-16,0.0,Dealer_self,0.0
2323,中環,2016-06-16,794000.0,Foreign_Investor,438000.0
2323,中環,2016-06-16,0.0,Investment_Trust,0.0
2323,中環,2016-06-17,0.0,Dealer_Hedging,0.0
2323,中環,2016-06-17,104000.0,Dealer_self,22000.0
2323,中環,2016-06-17,1051000.0,Foreign_Investor,1248000.0
2323,中環,2016-06-17,0.0,Investment_Trust,0.0
2323,中環,2016-06-20,12000.0,Dealer_Hedging,0.0
2323,中環,2016-06-20,169000.0,Dealer_self,0.0
2323,中環,2016-06-20,517000.0,Foreign_Investor,383000.0
2323,中環,2016-06-20,0.0,Investment_Trust,0.0
2323,中環,2016-06-21,0.0,Dealer_Hedging,0.0
2323,中環,2016-06-21,270000.0,Dealer_self,0.0
2323,中環,2016-06-21,941000.0,Foreign_Investor,453000.0
2323,中環,2016-06-21,0.0,Investment_Trust,0.0
2323,中環,2016-06-22,0.0,Dealer_Hedging,0.0
2323,中環,2016-06-22,90000.0,Dealer_self,0.0
2323,中環,2016-06-22,268000.0,Foreign_Investor,235000.0
2323,中環,2016-06-22,0.0,Investment_Trust,0.0
2323,中環,2016-06-23,0.0,Dealer_Hedging,3000.0
2323,中環,2016-06-23,0.0,Dealer_self,0.0
2323,中環,2016-06-23,461000.0,Foreign_Investor,87000.0
2323,中環,2016-06-23,0.0,Investment_Trust,0.0
2323,中環,2016-06-24,0.0,Dealer_Hedging,9000.0
2323,中環,2016-06-24,10000.0,Dealer_self,58000.0
2323,中環,2016-06-24,445000.0,Foreign_Investor,948617.0
2323,中環,2016-06-24,0.0,Investment_Trust,0.0
2323,中環,2016-06-27,0.0,Dealer_Hedging,0.0
2323,中環,2016-06-27,0.0,Dealer_self,20000.0
2323,中環,2016-06-27,882000.0,Foreign_Investor,772000.0
2323,中環,2016-06-27,0.0,Investment_Trust,0.0
2323,中環,2016-06-28,0.0,Dealer_Hedging,0.0
2323,中環,2016-06-28,88000.0,Dealer_self,5000.0
2323,中環,2016-06-28,244000.0,Foreign_Investor,264000.0
2323,中環,2016-06-28,0.0,Investment_Trust,0.0
2323,中環,2016-06-29,0.0,Dealer_Hedging,0.0
2323,中環,2016-06-29,10000.0,Dealer_self,0.0
2323,中環,2016-06-29,108000.0,Foreign_Investor,1270000.0
2323,中環,2016-06-29,0.0,Investment_Trust,0.0
2323,中環,2016-06-30,18000.0,Dealer_Hedging,0.0
2323,中環,2016-06-30,12000.0,Dealer_self,22000.0
2323,中環,2016-06-30,820000.0,Foreign_Investor,36000.0
2323,中環,2016-06-30,0.0,Investment_Trust,0.0
2323,中環,2016-07-01,0.0,Dealer_Hedging,0.0
2323,中環,2016-07-01,4000.0,Dealer_self,0.0
2323,中環,2016-07-01,825000.0,Foreign_Investor,291000.0
2323,中環,2016-07-01,0.0,Investment_Trust,0.0
2323,中環,2016-07-04,0.0,Dealer_Hedging,0.0
2323,中環,2016-07-04,0.0,Dealer_self,3000.0
2323,中環,2016-07-04,128000.0,Foreign_Investor,337000.0
2323,中環,2016-07-04,0.0,Investment_Trust,0.0
2323,中環,2016-07-05,0.0,Dealer_Hedging,0.0
2323,中環,2016-07-05,0.0,Dealer_self,4000.0
2323,中環,2016-07-05,508000.0,Foreign_Investor,69000.0
2323,中環,2016-07-05,0.0,Investment_Trust,0.0
2323,中環,2016-07-06,0.0,Dealer_Hedging,0.0
2323,中環,2016-07-06,0.0,Dealer_self,2000.0
2323,中環,2016-07-06,442000.0,Foreign_Investor,924061.0
2323,中環,2016-07-06,0.0,Investment_Trust,0.0
2323,中環,2016-07-07,0.0,Dealer_Hedging,0.0
2323,中環,2016-07-07,0.0,Dealer_self,0.0
2323,中環,2016-07-07,465000.0,Foreign_Investor,492000.0
2323,中環,2016-07-07,0.0,Investment_Trust,0.0
2323,中環,2016-07-11,0.0,Dealer_Hedging,0.0
2323,中環,2016-07-11,0.0,Dealer_self,0.0
2323,中環,2016-07-11,584000.0,Foreign_Investor,36000.0
2323,中環,2016-07-11,0.0,Investment_Trust,0.0
2323,中環,2016-07-12,0.0,Dealer_Hedging,0.0
2323,中環,2016-07-12,30000.0,Dealer_self,0.0
2323,中環,2016-07-12,575000.0,Foreign_Investor,112000.0
2323,中環,2016-07-12,0.0,Investment_Trust,0.0
2323,中環,2016-07-13,0.0,Dealer_Hedging,0.0
2323,中環,2016-07-13,220000.0,Dealer_self,14000.0
2323,中環,2016-07-13,1853000.0,Foreign_Investor,233000.0
2323,中環,2016-07-13,0.0,Investment_Trust,0.0
2323,中環,2016-07-14,0.0,Dealer_Hedging,0.0
2323,中環,2016-07-14,74000.0,Dealer_self,190000.0
2323,中環,2016-07-14,733000.0,Foreign_Investor,942000.0
2323,中環,2016-07-14,0.0,Investment_Trust,0.0
2323,中環,2016-07-15,0.0,Dealer_Hedging,0.0
2323,中環,2016-07-15,0.0,Dealer_self,4000.0
2323,中環,2016-07-15,797000.0,Foreign_Investor,1323000.0
2323,中環,2016-07-15,0.0,Investment_Trust,0.0
2323,中環,2016-07-18,0.0,Dealer_Hedging,0.0
2323,中環,2016-07-18,20000.0,Dealer_self,14000.0
2323,中環,2016-07-18,430000.0,Foreign_Investor,239000.0
2323,中環,2016-07-18,0.0,Investment_Trust,0.0
2323,中環,2016-07-19,0.0,Dealer_Hedging,0.0
2323,中環,2016-07-19,262000.0,Dealer_self,0.0
2323,中環,2016-07-19,1311000.0,Foreign_Investor,264000.0
2323,中環,2016-07-19,0.0,Investment_Trust,0.0
2323,中環,2016-07-20,0.0,Dealer_Hedging,0.0
2323,中環,2016-07-20,195000.0,Dealer_self,804000.0
2323,中環,2016-07-20,1370000.0,Foreign_Investor,360000.0
2323,中環,2016-07-20,0.0,Investment_Trust,0.0
2323,中環,2016-07-21,0.0,Dealer_Hedging,18000.0
2323,中環,2016-07-21,121000.0,Dealer_self,14000.0
2323,中環,2016-07-21,1395000.0,Foreign_Investor,329000.0
2323,中環,2016-07-21,0.0,Investment_Trust,0.0
2323,中環,2016-07-22,0.0,Dealer_Hedging,0.0
2323,中環,2016-07-22,1000.0,Dealer_self,360000.0
2323,中環,2016-07-22,684000.0,Foreign_Investor,465798.0
2323,中環,2016-07-22,0.0,Investment_Trust,0.0
2323,中環,2016-07-25,0.0,Dealer_Hedging,0.0
2323,中環,2016-07-25,4000.0,Dealer_self,100000.0
2323,中環,2016-07-25,436000.0,Foreign_Investor,765286.0
2323,中環,2016-07-25,0.0,Investment_Trust,0.0
2323,中環,2016-07-26,0.0,Dealer_Hedging,0.0
2323,中環,2016-07-26,0.0,Dealer_self,158000.0
2323,中環,2016-07-26,1255000.0,Foreign_Investor,194000.0
2323,中環,2016-07-26,0.0,Investment_Trust,0.0
2323,中環,2016-07-27,0.0,Dealer_Hedging,0.0
2323,中環,2016-07-27,0.0,Dealer_self,3000.0
2323,中環,2016-07-27,730000.0,Foreign_Investor,605000.0
2323,中環,2016-07-27,0.0,Investment_Trust,0.0
2323,中環,2016-07-28,0.0,Dealer_Hedging,0.0
2323,中環,2016-07-28,0.0,Dealer_self,12000.0
2323,中環,2016-07-28,650000.0,Foreign_Investor,325000.0
2323,中環,2016-07-28,0.0,Investment_Trust,0.0
2323,中環,2016-07-29,0.0,Dealer_Hedging,0.0
2323,中環,2016-07-29,0.0,Dealer_self,0.0
2323,中環,2016-07-29,220000.0,Foreign_Investor,218826.0
2323,中環,2016-07-29,0.0,Investment_Trust,0.0
2323,中環,2016-08-01,0.0,Dealer_Hedging,0.0
2323,中環,2016-08-01,0.0,Dealer_self,0.0
2323,中環,2016-08-01,2045000.0,Foreign_Investor,215000.0
2323,中環,2016-08-01,0.0,Investment_Trust,0.0
2323,中環,2016-08-02,0.0,Dealer_Hedging,0.0
2323,中環,2016-08-02,0.0,Dealer_self,0.0
2323,中環,2016-08-02,764000.0,Foreign_Investor,346000.0
2323,中環,2016-08-02,0.0,Investment_Trust,0.0
2323,中環,2016-08-03,0.0,Dealer_Hedging,0.0
2323,中環,2016-08-03,0.0,Dealer_self,27000.0
2323,中環,2016-08-03,300000.0,Foreign_Investor,54000.0
2323,中環,2016-08-03,0.0,Investment_Trust,0.0
2323,中環,2016-08-04,0.0,Dealer_Hedging,0.0
2323,中環,2016-08-04,0.0,Dealer_self,36000.0
2323,中環,2016-08-04,558000.0,Foreign_Investor,37000.0
2323,中環,2016-08-04,0.0,Investment_Trust,0.0
2323,中環,2016-08-05,0.0,Dealer_Hedging,0.0
2323,中環,2016-08-05,0.0,Dealer_self,20000.0
2323,中環,2016-08-05,451000.0,Foreign_Investor,249000.0
2323,中環,2016-08-05,0.0,Investment_Trust,0.0
2323,中環,2016-08-08,0.0,Dealer_Hedging,0.0
2323,中環,2016-08-08,11000.0,Dealer_self,0.0
2323,中環,2016-08-08,116000.0,Foreign_Investor,342000.0
2323,中環,2016-08-08,0.0,Investment_Trust,0.0
2323,中環,2016-08-09,0.0,Dealer_Hedging,0.0
2323,中環,2016-08-09,5000.0,Dealer_self,0.0
2323,中環,2016-08-09,84000.0,Foreign_Investor,136000.0
2323,中環,2016-08-09,0.0,Investment_Trust,0.0
2323,中環,2016-08-10,0.0,Dealer_Hedging,0.0
2323,中環,2016-08-10,10000.0,Dealer_self,0.0
2323,中環,2016-08-10,344000.0,Foreign_Investor,238000.0
2323,中環,2016-08-10,0.0,Investment_Trust,0.0
2323,中環,2016-08-11,0.0,Dealer_Hedging,0.0
2323,中環,2016-08-11,0.0,Dealer_self,14000.0
2323,中環,2016-08-11,427000.0,Foreign_Investor,901000.0
2323,中環,2016-08-11,0.0,Investment_Trust,0.0
2323,中環,2016-08-12,0.0,Dealer_Hedging,0.0
2323,中環,2016-08-12,0.0,Dealer_self,0.0
2323,中環,2016-08-12,370000.0,Foreign_Investor,143000.0
2323,中環,2016-08-12,0.0,Investment_Trust,0.0
2323,中環,2016-08-15,0.0,Dealer_Hedging,0.0
2323,中環,2016-08-15,0.0,Dealer_self,0.0
2323,中環,2016-08-15,778000.0,Foreign_Investor,132000.0
2323,中環,2016-08-15,0.0,Investment_Trust,0.0
2323,中環,2016-08-16,0.0,Dealer_Hedging,0.0
2323,中環,2016-08-16,0.0,Dealer_self,6000.0
2323,中環,2016-08-16,716000.0,Foreign_Investor,57000.0
2323,中環,2016-08-16,0.0,Investment_Trust,0.0
2323,中環,2016-08-17,0.0,Dealer_Hedging,0.0
2323,中環,2016-08-17,0.0,Dealer_self,227000.0
2323,中環,2016-08-17,724584.0,Foreign_Investor,205000.0
2323,中環,2016-08-17,0.0,Investment_Trust,0.0
2323,中環,2016-08-18,0.0,Dealer_Hedging,0.0
2323,中環,2016-08-18,0.0,Dealer_self,0.0
2323,中環,2016-08-18,136000.0,Foreign_Investor,104554.0
2323,中環,2016-08-18,0.0,Investment_Trust,0.0
2323,中環,2016-08-19,0.0,Dealer_Hedging,0.0
2323,中環,2016-08-19,0.0,Dealer_self,0.0
2323,中環,2016-08-19,78000.0,Foreign_Investor,570849.0
2323,中環,2016-08-19,0.0,Investment_Trust,0.0
2323,中環,2016-08-22,0.0,Dealer_Hedging,0.0
2323,中環,2016-08-22,6000.0,Dealer_self,5000.0
2323,中環,2016-08-22,510000.0,Foreign_Investor,431000.0
2323,中環,2016-08-22,0.0,Investment_Trust,0.0
2323,中環,2016-08-23,0.0,Dealer_Hedging,0.0
2323,中環,2016-08-23,0.0,Dealer_self,2000.0
2323,中環,2016-08-23,413000.0,Foreign_Investor,177000.0
2323,中環,2016-08-23,0.0,Investment_Trust,0.0
2323,中環,2016-08-24,0.0,Dealer_Hedging,0.0
2323,中環,2016-08-24,0.0,Dealer_self,0.0
2323,中環,2016-08-24,154000.0,Foreign_Investor,444000.0
2323,中環,2016-08-24,0.0,Investment_Trust,0.0
2323,中環,2016-08-25,0.0,Dealer_Hedging,0.0
2323,中環,2016-08-25,0.0,Dealer_self,2000.0
2323,中環,2016-08-25,227000.0,Foreign_Investor,10000.0
2323,中環,2016-08-25,0.0,Investment_Trust,0.0
2323,中環,2016-08-26,0.0,Dealer_Hedging,0.0
2323,中環,2016-08-26,0.0,Dealer_self,8000.0
2323,中環,2016-08-26,376000.0,Foreign_Investor,844000.0
2323,中環,2016-08-26,0.0,Investment_Trust,0.0
2323,中環,2016-08-29,0.0,Dealer_Hedging,0.0
2323,中環,2016-08-29,0.0,Dealer_self,34000.0
2323,中環,2016-08-29,811000.0,Foreign_Investor,230000.0
2323,中環,2016-08-29,0.0,Investment_Trust,0.0
2323,中環,2016-08-30,0.0,Dealer_Hedging,0.0
2323,中環,2016-08-30,0.0,Dealer_self,6000.0
2323,中環,2016-08-30,487000.0,Foreign_Investor,293000.0
2323,中環,2016-08-30,0.0,Investment_Trust,0.0
2323,中環,2016-08-31,0.0,Dealer_Hedging,0.0
2323,中環,2016-08-31,0.0,Dealer_self,38000.0
2323,中環,2016-08-31,1022000.0,Foreign_Investor,1427000.0
2323,中環,2016-08-31,0.0,Investment_Trust,0.0
2323,中環,2016-09-01,0.0,Dealer_Hedging,0.0
2323,中環,2016-09-01,0.0,Dealer_self,0.0
2323,中環,2016-09-01,81000.0,Foreign_Investor,803000.0
2323,中環,2016-09-01,0.0,Investment_Trust,0.0
2323,中環,2016-09-02,0.0,Dealer_Hedging,0.0
2323,中環,2016-09-02,1000.0,Dealer_self,0.0
2323,中環,2016-09-02,142000.0,Foreign_Investor,359000.0
2323,中環,2016-09-02,0.0,Investment_Trust,0.0
2323,中環,2016-09-05,0.0,Dealer_Hedging,0.0
2323,中環,2016-09-05,0.0,Dealer_self,0.0
2323,中環,2016-09-05,276000.0,Foreign_Investor,58000.0
2323,中環,2016-09-05,0.0,Investment_Trust,0.0
2323,中環,2016-09-06,0.0,Dealer_Hedging,0.0
2323,中環,2016-09-06,0.0,Dealer_self,26000.0
2323,中環,2016-09-06,154000.0,Foreign_Investor,102000.0
2323,中環,2016-09-06,0.0,Investment_Trust,0.0
2323,中環,2016-09-07,0.0,Dealer_Hedging,0.0
2323,中環,2016-09-07,3000.0,Dealer_self,3000.0
2323,中環,2016-09-07,334000.0,Foreign_Investor,752000.0
2323,中環,2016-09-07,0.0,Investment_Trust,0.0
2323,中環,2016-09-08,0.0,Dealer_Hedging,0.0
2323,中環,2016-09-08,0.0,Dealer_self,0.0
2323,中環,2016-09-08,273000.0,Foreign_Investor,221000.0
2323,中環,2016-09-08,0.0,Investment_Trust,0.0
2323,中環,2016-09-09,0.0,Dealer_Hedging,0.0
2323,中環,2016-09-09,0.0,Dealer_self,0.0
2323,中環,2016-09-09,237000.0,Foreign_Investor,172000.0
2323,中環,2016-09-09,0.0,Investment_Trust,0.0
2323,中環,2016-09-10,0.0,Dealer_Hedging,0.0
2323,中環,2016-09-10,0.0,Dealer_self,19000.0
2323,中環,2016-09-10,0.0,Foreign_Investor,0.0
2323,中環,2016-09-10,0.0,Investment_Trust,0.0
2323,中環,2016-09-12,0.0,Dealer_Hedging,0.0
2323,中環,2016-09-12,0.0,Dealer_self,2000.0
2323,中環,2016-09-12,4000.0,Foreign_Investor,397000.0
2323,中環,2016-09-12,0.0,Investment_Trust,0.0
2323,中環,2016-09-13,0.0,Dealer_Hedging,0.0
2323,中環,2016-09-13,0.0,Dealer_self,0.0
2323,中環,2016-09-13,49000.0,Foreign_Investor,584000.0
2323,中環,2016-09-13,0.0,Investment_Trust,0.0
2323,中環,2016-09-14,0.0,Dealer_Hedging,0.0
2323,中環,2016-09-14,0.0,Dealer_self,6000.0
2323,中環,2016-09-14,497000.0,Foreign_Investor,1004000.0
2323,中環,2016-09-14,0.0,Investment_Trust,0.0
2323,中環,2016-09-19,0.0,Dealer_Hedging,0.0
2323,中環,2016-09-19,2000.0,Dealer_self,0.0
2323,中環,2016-09-19,194000.0,Foreign_Investor,225000.0
2323,中環,2016-09-19,0.0,Investment_Trust,0.0
2323,中環,2016-09-20,0.0,Dealer_Hedging,0.0
2323,中環,2016-09-20,0.0,Dealer_self,5000.0
2323,中環,2016-09-20,54000.0,Foreign_Investor,28000.0
2323,中環,2016-09-20,0.0,Investment_Trust,0.0
2323,中環,2016-09-21,0.0,Dealer_Hedging,0.0
2323,中環,2016-09-21,6000.0,Dealer_self,169000.0
2323,中環,2016-09-21,804000.0,Foreign_Investor,18000.0
2323,中環,2016-09-21,0.0,Investment_Trust,0.0
2323,中環,2016-09-22,0.0,Dealer_Hedging,0.0
2323,中環,2016-09-22,4000.0,Dealer_self,4000.0
2323,中環,2016-09-22,319000.0,Foreign_Investor,432000.0
2323,中環,2016-09-22,0.0,Investment_Trust,0.0
2323,中環,2016-09-23,0.0,Dealer_Hedging,0.0
2323,中環,2016-09-23,0.0,Dealer_self,0.0
2323,中環,2016-09-23,543000.0,Foreign_Investor,438000.0
2323,中環,2016-09-23,0.0,Investment_Trust,0.0
2323,中環,2016-09-26,0.0,Dealer_Hedging,0.0
2323,中環,2016-09-26,2000.0,Dealer_self,0.0
2323,中環,2016-09-26,360000.0,Foreign_Investor,173000.0
2323,中環,2016-09-26,0.0,Investment_Trust,0.0
2323,中環,2016-09-29,0.0,Dealer_Hedging,0.0
2323,中環,2016-09-29,0.0,Dealer_self,961.0
2323,中環,2016-09-29,480000.0,Foreign_Investor,0.0
2323,中環,2016-09-29,0.0,Investment_Trust,0.0
2323,中環,2016-09-30,0.0,Dealer_Hedging,0.0
2323,中環,2016-09-30,1000.0,Dealer_self,0.0
2323,中環,2016-09-30,219000.0,Foreign_Investor,1597000.0
2323,中環,2016-09-30,0.0,Investment_Trust,0.0
2323,中環,2016-10-03,0.0,Dealer_Hedging,0.0
2323,中環,2016-10-03,2000.0,Dealer_self,0.0
2323,中環,2016-10-03,68000.0,Foreign_Investor,225000.0
2323,中環,2016-10-03,0.0,Investment_Trust,0.0
2323,中環,2016-10-04,0.0,Dealer_Hedging,0.0
2323,中環,2016-10-04,0.0,Dealer_self,0.0
2323,中環,2016-10-04,593000.0,Foreign_Investor,602049.0
2323,中環,2016-10-04,0.0,Investment_Trust,0.0
2323,中環,2016-10-05,0.0,Dealer_Hedging,0.0
2323,中環,2016-10-05,0.0,Dealer_self,0.0
2323,中環,2016-10-05,197000.0,Foreign_Investor,116000.0
2323,中環,2016-10-05,0.0,Investment_Trust,0.0
2323,中環,2016-10-06,0.0,Dealer_Hedging,0.0
2323,中環,2016-10-06,0.0,Dealer_self,0.0
2323,中環,2016-10-06,126000.0,Foreign_Investor,539000.0
2323,中環,2016-10-06,0.0,Investment_Trust,0.0
2323,中環,2016-10-07,0.0,Dealer_Hedging,0.0
2323,中環,2016-10-07,0.0,Dealer_self,0.0
2323,中環,2016-10-07,647000.0,Foreign_Investor,813000.0
2323,中環,2016-10-07,0.0,Investment_Trust,0.0
2323,中環,2016-10-11,0.0,Dealer_Hedging,0.0
2323,中環,2016-10-11,0.0,Dealer_self,0.0
2323,中環,2016-10-11,2042000.0,Foreign_Investor,1337000.0
2323,中環,2016-10-11,0.0,Investment_Trust,0.0
2323,中環,2016-10-12,0.0,Dealer_Hedging,0.0
2323,中環,2016-10-12,7000.0,Dealer_self,0.0
2323,中環,2016-10-12,26000.0,Foreign_Investor,2325000.0
2323,中環,2016-10-12,0.0,Investment_Trust,0.0
2323,中環,2016-10-13,0.0,Dealer_Hedging,0.0
2323,中環,2016-10-13,15000.0,Dealer_self,0.0
2323,中環,2016-10-13,497000.0,Foreign_Investor,516000.0
2323,中環,2016-10-13,0.0,Investment_Trust,0.0
2323,中環,2016-10-14,0.0,Dealer_Hedging,0.0
2323,中環,2016-10-14,3000.0,Dealer_self,0.0
2323,中環,2016-10-14,1000.0,Foreign_Investor,899000.0
2323,中環,2016-10-14,0.0,Investment_Trust,0.0
2323,中環,2016-10-17,0.0,Dealer_Hedging,0.0
2323,中環,2016-10-17,1000.0,Dealer_self,0.0
2323,中環,2016-10-17,49000.0,Foreign_Investor,313000.0
2323,中環,2016-10-17,0.0,Investment_Trust,0.0
2323,中環,2016-10-18,0.0,Dealer_Hedging,0.0
2323,中環,2016-10-18,0.0,Dealer_self,0.0
2323,中環,2016-10-18,114000.0,Foreign_Investor,156466.0
2323,中環,2016-10-18,0.0,Investment_Trust,0.0
2323,中環,2016-10-19,0.0,Dealer_Hedging,0.0
2323,中環,2016-10-19,84000.0,Dealer_self,8000.0
2323,中環,2016-10-19,287000.0,Foreign_Investor,51000.0
2323,中環,2016-10-19,0.0,Investment_Trust,0.0
2323,中環,2016-10-20,0.0,Dealer_Hedging,0.0
2323,中環,2016-10-20,0.0,Dealer_self,0.0
2323,中環,2016-10-20,755000.0,Foreign_Investor,179000.0
2323,中環,2016-10-20,0.0,Investment_Trust,0.0
2323,中環,2016-10-21,0.0,Dealer_Hedging,0.0
2323,中環,2016-10-21,0.0,Dealer_self,93000.0
2323,中環,2016-10-21,315000.0,Foreign_Investor,581000.0
2323,中環,2016-10-21,0.0,Investment_Trust,0.0
2323,中環,2016-10-24,0.0,Dealer_Hedging,0.0
2323,中環,2016-10-24,0.0,Dealer_self,0.0
2323,中環,2016-10-24,267000.0,Foreign_Investor,67309.0
2323,中環,2016-10-24,0.0,Investment_Trust,0.0
2323,中環,2016-10-25,0.0,Dealer_Hedging,0.0
2323,中環,2016-10-25,0.0,Dealer_self,0.0
2323,中環,2016-10-25,15000.0,Foreign_Investor,27000.0
2323,中環,2016-10-25,0.0,Investment_Trust,0.0
2323,中環,2016-10-26,0.0,Dealer_Hedging,0.0
2323,中環,2016-10-26,0.0,Dealer_self,0.0
2323,中環,2016-10-26,79000.0,Foreign_Investor,48000.0
2323,中環,2016-10-26,0.0,Investment_Trust,0.0
2323,中環,2016-10-27,0.0,Dealer_Hedging,0.0
2323,中環,2016-10-27,0.0,Dealer_self,0.0
2323,中環,2016-10-27,337000.0,Foreign_Investor,210000.0
2323,中環,2016-10-27,0.0,Investment_Trust,0.0
2323,中環,2016-10-28,0.0,Dealer_Hedging,0.0
2323,中環,2016-10-28,0.0,Dealer_self,0.0
2323,中環,2016-10-28,17000.0,Foreign_Investor,51000.0
2323,中環,2016-10-28,0.0,Investment_Trust,0.0
2323,中環,2016-10-31,0.0,Dealer_Hedging,0.0
2323,中環,2016-10-31,7000.0,Dealer_self,0.0
2323,中環,2016-10-31,23000.0,Foreign_Investor,156000.0
2323,中環,2016-10-31,0.0,Investment_Trust,0.0
2323,中環,2016-11-01,0.0,Dealer_Hedging,0.0
2323,中環,2016-11-01,6000.0,Dealer_self,0.0
2323,中環,2016-11-01,103000.0,Foreign_Investor,168000.0
2323,中環,2016-11-01,0.0,Investment_Trust,0.0
2323,中環,2016-11-02,0.0,Dealer_Hedging,0.0
2323,中環,2016-11-02,26000.0,Dealer_self,0.0
2323,中環,2016-11-02,34000.0,Foreign_Investor,59000.0
2323,中環,2016-11-02,0.0,Investment_Trust,0.0
2323,中環,2016-11-03,0.0,Dealer_Hedging,0.0
2323,中環,2016-11-03,82000.0,Dealer_self,0.0
2323,中環,2016-11-03,512000.0,Foreign_Investor,142000.0
2323,中環,2016-11-03,0.0,Investment_Trust,0.0
2323,中環,2016-11-04,0.0,Dealer_Hedging,0.0
2323,中環,2016-11-04,0.0,Dealer_self,0.0
2323,中環,2016-11-04,25000.0,Foreign_Investor,35000.0
2323,中環,2016-11-04,0.0,Investment_Trust,0.0
2323,中環,2016-11-07,0.0,Dealer_Hedging,0.0
2323,中環,2016-11-07,32000.0,Dealer_self,0.0
2323,中環,2016-11-07,80000.0,Foreign_Investor,211000.0
2323,中環,2016-11-07,0.0,Investment_Trust,0.0
2323,中環,2016-11-08,0.0,Dealer_Hedging,0.0
2323,中環,2016-11-08,0.0,Dealer_self,0.0
2323,中環,2016-11-08,456000.0,Foreign_Investor,78000.0
2323,中環,2016-11-08,0.0,Investment_Trust,0.0
2323,中環,2016-11-09,0.0,Dealer_Hedging,0.0
2323,中環,2016-11-09,59000.0,Dealer_self,68000.0
2323,中環,2016-11-09,28000.0,Foreign_Investor,369000.0
2323,中環,2016-11-09,0.0,Investment_Trust,0.0
2323,中環,2016-11-10,0.0,Dealer_Hedging,0.0
2323,中環,2016-11-10,31000.0,Dealer_self,53000.0
2323,中環,2016-11-10,259000.0,Foreign_Investor,39000.0
2323,中環,2016-11-10,0.0,Investment_Trust,0.0
2323,中環,2016-11-11,0.0,Dealer_Hedging,0.0
2323,中環,2016-11-11,17000.0,Dealer_self,0.0
2323,中環,2016-11-11,61000.0,Foreign_Investor,478000.0
2323,中環,2016-11-11,0.0,Investment_Trust,0.0
2323,中環,2016-11-14,0.0,Dealer_Hedging,0.0
2323,中環,2016-11-14,36000.0,Dealer_self,0.0
2323,中環,2016-11-14,59000.0,Foreign_Investor,286000.0
2323,中環,2016-11-14,0.0,Investment_Trust,0.0
2323,中環,2016-11-15,0.0,Dealer_Hedging,0.0
2323,中環,2016-11-15,15000.0,Dealer_self,0.0
2323,中環,2016-11-15,411000.0,Foreign_Investor,664000.0
2323,中環,2016-11-15,0.0,Investment_Trust,0.0
2323,中環,2016-11-16,0.0,Dealer_Hedging,0.0
2323,中環,2016-11-16,30000.0,Dealer_self,0.0
2323,中環,2016-11-16,806000.0,Foreign_Investor,212000.0
2323,中環,2016-11-16,0.0,Investment_Trust,0.0
2323,中環,2016-11-17,0.0,Dealer_Hedging,0.0
2323,中環,2016-11-17,0.0,Dealer_self,0.0
2323,中環,2016-11-17,129000.0,Foreign_Investor,382000.0
2323,中環,2016-11-17,0.0,Investment_Trust,0.0
2323,中環,2016-11-18,0.0,Dealer_Hedging,0.0
2323,中環,2016-11-18,0.0,Dealer_self,0.0
2323,中環,2016-11-18,755000.0,Foreign_Investor,61000.0
2323,中環,2016-11-18,0.0,Investment_Trust,0.0
2323,中環,2016-11-21,0.0,Dealer_Hedging,0.0
2323,中環,2016-11-21,6000.0,Dealer_self,10000.0
2323,中環,2016-11-21,266000.0,Foreign_Investor,829000.0
2323,中環,2016-11-21,0.0,Investment_Trust,0.0
2323,中環,2016-11-22,0.0,Dealer_Hedging,0.0
2323,中環,2016-11-22,5000.0,Dealer_self,34000.0
2323,中環,2016-11-22,1166000.0,Foreign_Investor,193000.0
2323,中環,2016-11-22,0.0,Investment_Trust,0.0
2323,中環,2016-11-23,0.0,Dealer_Hedging,0.0
2323,中環,2016-11-23,0.0,Dealer_self,0.0
2323,中環,2016-11-23,111000.0,Foreign_Investor,207000.0
2323,中環,2016-11-23,0.0,Investment_Trust,0.0
2323,中環,2016-11-24,0.0,Dealer_Hedging,0.0
2323,中環,2016-11-24,38000.0,Dealer_self,0.0
2323,中環,2016-11-24,24000.0,Foreign_Investor,47000.0
2323,中環,2016-11-24,0.0,Investment_Trust,0.0
2323,中環,2016-11-25,0.0,Dealer_Hedging,0.0
2323,中環,2016-11-25,0.0,Dealer_self,10000.0
2323,中環,2016-11-25,93000.0,Foreign_Investor,155000.0
2323,中環,2016-11-25,0.0,Investment_Trust,0.0
2323,中環,2016-11-28,0.0,Dealer_Hedging,0.0
2323,中環,2016-11-28,32000.0,Dealer_self,0.0
2323,中環,2016-11-28,246000.0,Foreign_Investor,26346.0
2323,中環,2016-11-28,0.0,Investment_Trust,0.0
2323,中環,2016-11-29,0.0,Dealer_Hedging,0.0
2323,中環,2016-11-29,0.0,Dealer_self,0.0
2323,中環,2016-11-29,326000.0,Foreign_Investor,24000.0
2323,中環,2016-11-29,0.0,Investment_Trust,0.0
2323,中環,2016-11-30,0.0,Dealer_Hedging,0.0
2323,中環,2016-11-30,0.0,Dealer_self,12000.0
2323,中環,2016-11-30,1279000.0,Foreign_Investor,2191000.0
2323,中環,2016-11-30,0.0,Investment_Trust,0.0
2323,中環,2016-12-01,0.0,Dealer_Hedging,0.0
2323,中環,2016-12-01,0.0,Dealer_self,21000.0
2323,中環,2016-12-01,383000.0,Foreign_Investor,467000.0
2323,中環,2016-12-01,0.0,Investment_Trust,0.0
2323,中環,2016-12-02,0.0,Dealer_Hedging,0.0
2323,中環,2016-12-02,0.0,Dealer_self,0.0
2323,中環,2016-12-02,82000.0,Foreign_Investor,451000.0
2323,中環,2016-12-02,0.0,Investment_Trust,0.0
2323,中環,2016-12-05,0.0,Dealer_Hedging,0.0
2323,中環,2016-12-05,6000.0,Dealer_self,8000.0
2323,中環,2016-12-05,23000.0,Foreign_Investor,749994.0
2323,中環,2016-12-05,0.0,Investment_Trust,0.0
2323,中環,2016-12-06,0.0,Dealer_Hedging,0.0
2323,中環,2016-12-06,20000.0,Dealer_self,0.0
2323,中環,2016-12-06,168000.0,Foreign_Investor,190000.0
2323,中環,2016-12-06,0.0,Investment_Trust,0.0
2323,中環,2016-12-07,0.0,Dealer_Hedging,0.0
2323,中環,2016-12-07,0.0,Dealer_self,9000.0
2323,中環,2016-12-07,144000.0,Foreign_Investor,75000.0
2323,中環,2016-12-07,0.0,Investment_Trust,0.0
2323,中環,2016-12-08,0.0,Dealer_Hedging,0.0
2323,中環,2016-12-08,2000.0,Dealer_self,63000.0
2323,中環,2016-12-08,448000.0,Foreign_Investor,212000.0
2323,中環,2016-12-08,0.0,Investment_Trust,0.0
2323,中環,2016-12-09,0.0,Dealer_Hedging,0.0
2323,中環,2016-12-09,6000.0,Dealer_self,0.0
2323,中環,2016-12-09,84000.0,Foreign_Investor,429000.0
2323,中環,2016-12-09,0.0,Investment_Trust,0.0
2323,中環,2016-12-12,0.0,Dealer_Hedging,0.0
2323,中環,2016-12-12,34000.0,Dealer_self,0.0
2323,中環,2016-12-12,84000.0,Foreign_Investor,295000.0
2323,中環,2016-12-12,0.0,Investment_Trust,0.0
2323,中環,2016-12-13,0.0,Dealer_Hedging,0.0
2323,中環,2016-12-13,2000.0,Dealer_self,0.0
2323,中環,2016-12-13,280000.0,Foreign_Investor,468000.0
2323,中環,2016-12-13,0.0,Investment_Trust,0.0
2323,中環,2016-12-14,0.0,Dealer_Hedging,0.0
2323,中環,2016-12-14,12000.0,Dealer_self,0.0
2323,中環,2016-12-14,69000.0,Foreign_Investor,500000.0
2323,中環,2016-12-14,0.0,Investment_Trust,0.0
2323,中環,2016-12-15,0.0,Dealer_Hedging,0.0
2323,中環,2016-12-15,6000.0,Dealer_self,0.0
2323,中環,2016-12-15,893000.0,Foreign_Investor,952000.0
2323,中環,2016-12-15,0.0,Investment_Trust,0.0
2323,中環,2016-12-16,0.0,Dealer_Hedging,0.0
2323,中環,2016-12-16,18000.0,Dealer_self,0.0
2323,中環,2016-12-16,1327000.0,Foreign_Investor,578000.0
2323,中環,2016-12-16,0.0,Investment_Trust,0.0
2323,中環,2016-12-19,0.0,Dealer_Hedging,0.0
2323,中環,2016-12-19,36000.0,Dealer_self,0.0
2323,中環,2016-12-19,252000.0,Foreign_Investor,235000.0
2323,中環,2016-12-19,0.0,Investment_Trust,0.0
2323,中環,2016-12-20,0.0,Dealer_Hedging,0.0
2323,中環,2016-12-20,36000.0,Dealer_self,0.0
2323,中環,2016-12-20,338000.0,Foreign_Investor,329000.0
2323,中環,2016-12-20,0.0,Investment_Trust,0.0
2323,中環,2016-12-21,0.0,Dealer_Hedging,0.0
2323,中環,2016-12-21,88000.0,Dealer_self,4000.0
2323,中環,2016-12-21,9000.0,Foreign_Investor,61000.0
2323,中環,2016-12-21,0.0,Investment_Trust,0.0
2323,中環,2016-12-22,0.0,Dealer_Hedging,0.0
2323,中環,2016-12-22,2000.0,Dealer_self,8000.0
2323,中環,2016-12-22,0.0,Foreign_Investor,382000.0
2323,中環,2016-12-22,0.0,Investment_Trust,0.0
2323,中環,2016-12-23,0.0,Dealer_Hedging,0.0
2323,中環,2016-12-23,0.0,Dealer_self,0.0
2323,中環,2016-12-23,8000.0,Foreign_Investor,292000.0
2323,中環,2016-12-23,0.0,Investment_Trust,0.0
2323,中環,2016-12-26,0.0,Dealer_Hedging,0.0
2323,中環,2016-12-26,0.0,Dealer_self,0.0
2323,中環,2016-12-26,0.0,Foreign_Investor,51000.0
2323,中環,2016-12-26,0.0,Investment_Trust,0.0
2323,中環,2016-12-27,0.0,Dealer_Hedging,0.0
2323,中環,2016-12-27,0.0,Dealer_self,0.0
2323,中環,2016-12-27,24000.0,Foreign_Investor,48000.0
2323,中環,2016-12-27,0.0,Investment_Trust,0.0
2323,中環,2016-12-28,0.0,Dealer_Hedging,0.0
2323,中環,2016-12-28,0.0,Dealer_self,0.0
2323,中環,2016-12-28,87000.0,Foreign_Investor,41000.0
2323,中環,2016-12-28,0.0,Investment_Trust,0.0
2323,中環,2016-12-29,0.0,Dealer_Hedging,0.0
2323,中環,2016-12-29,0.0,Dealer_self,0.0
2323,中環,2016-12-29,13604.0,Foreign_Investor,34000.0
2323,中環,2016-12-29,0.0,Investment_Trust,0.0
2323,中環,2016-12-30,0.0,Dealer_Hedging,0.0
2323,中環,2016-12-30,0.0,Dealer_self,0.0
2323,中環,2016-12-30,882000.0,Foreign_Investor,48000.0
2323,中環,2016-12-30,0.0,Investment_Trust,0.0
2323,中環,2017-01-03,0.0,Dealer_Hedging,0.0
2323,中環,2017-01-03,0.0,Dealer_self,0.0
2323,中環,2017-01-03,301000.0,Foreign_Investor,144040.0
2323,中環,2017-01-03,0.0,Investment_Trust,0.0
2323,中環,2017-01-04,0.0,Dealer_Hedging,0.0
2323,中環,2017-01-04,0.0,Dealer_self,0.0
2323,中環,2017-01-04,125000.0,Foreign_Investor,53000.0
2323,中環,2017-01-04,0.0,Investment_Trust,0.0
2323,中環,2017-01-05,0.0,Dealer_Hedging,0.0
2323,中環,2017-01-05,0.0,Dealer_self,4000.0
2323,中環,2017-01-05,1323000.0,Foreign_Investor,118000.0
2323,中環,2017-01-05,0.0,Investment_Trust,0.0
2323,中環,2017-01-06,0.0,Dealer_Hedging,0.0
2323,中環,2017-01-06,0.0,Dealer_self,0.0
2323,中環,2017-01-06,474000.0,Foreign_Investor,172000.0
2323,中環,2017-01-06,0.0,Investment_Trust,0.0
2323,中環,2017-01-09,0.0,Dealer_Hedging,0.0
2323,中環,2017-01-09,0.0,Dealer_self,1000.0
2323,中環,2017-01-09,30000.0,Foreign_Investor,442000.0
2323,中環,2017-01-09,0.0,Investment_Trust,0.0
2323,中環,2017-01-10,0.0,Dealer_Hedging,0.0
2323,中環,2017-01-10,0.0,Dealer_self,0.0
2323,中環,2017-01-10,329000.0,Foreign_Investor,74000.0
2323,中環,2017-01-10,0.0,Investment_Trust,0.0
2323,中環,2017-01-11,0.0,Dealer_Hedging,0.0
2323,中環,2017-01-11,0.0,Dealer_self,0.0
2323,中環,2017-01-11,32000.0,Foreign_Investor,112000.0
2323,中環,2017-01-11,0.0,Investment_Trust,0.0
2323,中環,2017-01-12,0.0,Dealer_Hedging,0.0
2323,中環,2017-01-12,0.0,Dealer_self,0.0
2323,中環,2017-01-12,512000.0,Foreign_Investor,35000.0
2323,中環,2017-01-12,0.0,Investment_Trust,0.0
2323,中環,2017-01-13,0.0,Dealer_Hedging,0.0
2323,中環,2017-01-13,0.0,Dealer_self,0.0
2323,中環,2017-01-13,171000.0,Foreign_Investor,505000.0
2323,中環,2017-01-13,0.0,Investment_Trust,0.0
2323,中環,2017-01-16,0.0,Dealer_Hedging,0.0
2323,中環,2017-01-16,0.0,Dealer_self,4000.0
2323,中環,2017-01-16,0.0,Foreign_Investor,311000.0
2323,中環,2017-01-16,0.0,Investment_Trust,0.0
2323,中環,2017-01-17,0.0,Dealer_Hedging,0.0
2323,中環,2017-01-17,0.0,Dealer_self,0.0
2323,中環,2017-01-17,24000.0,Foreign_Investor,38000.0
2323,中環,2017-01-17,0.0,Investment_Trust,0.0
2323,中環,2017-01-18,0.0,Dealer_Hedging,0.0
2323,中環,2017-01-18,0.0,Dealer_self,3000.0
2323,中環,2017-01-18,396000.0,Foreign_Investor,47259.0
2323,中環,2017-01-18,0.0,Investment_Trust,0.0
2323,中環,2017-01-19,0.0,Dealer_Hedging,0.0
2323,中環,2017-01-19,0.0,Dealer_self,20000.0
2323,中環,2017-01-19,126000.0,Foreign_Investor,32665.0
2323,中環,2017-01-19,0.0,Investment_Trust,0.0
2323,中環,2017-01-20,0.0,Dealer_Hedging,0.0
2323,中環,2017-01-20,0.0,Dealer_self,1000.0
2323,中環,2017-01-20,137000.0,Foreign_Investor,95000.0
2323,中環,2017-01-20,0.0,Investment_Trust,0.0
2323,中環,2017-01-23,0.0,Dealer_Hedging,0.0
2323,中環,2017-01-23,0.0,Dealer_self,0.0
2323,中環,2017-01-23,196000.0,Foreign_Investor,2000.0
2323,中環,2017-01-23,0.0,Investment_Trust,0.0
2323,中環,2017-01-24,0.0,Dealer_Hedging,0.0
2323,中環,2017-01-24,0.0,Dealer_self,0.0
2323,中環,2017-01-24,599000.0,Foreign_Investor,844000.0
2323,中環,2017-01-24,0.0,Investment_Trust,0.0
2323,中環,2017-02-02,0.0,Dealer_Hedging,0.0
2323,中環,2017-02-02,0.0,Dealer_self,98000.0
2323,中環,2017-02-02,1995000.0,Foreign_Investor,682454.0
2323,中環,2017-02-02,0.0,Investment_Trust,0.0
2323,中環,2017-02-03,0.0,Dealer_Hedging,0.0
2323,中環,2017-02-03,92000.0,Dealer_self,0.0
2323,中環,2017-02-03,1204000.0,Foreign_Investor,858000.0
2323,中環,2017-02-03,0.0,Investment_Trust,0.0
2323,中環,2017-02-06,0.0,Dealer_Hedging,0.0
2323,中環,2017-02-06,36000.0,Dealer_self,31000.0
2323,中環,2017-02-06,1617000.0,Foreign_Investor,759236.0
2323,中環,2017-02-06,0.0,Investment_Trust,0.0
2323,中環,2017-02-07,0.0,Dealer_Hedging,0.0
2323,中環,2017-02-07,0.0,Dealer_self,31000.0
2323,中環,2017-02-07,1210000.0,Foreign_Investor,408000.0
2323,中環,2017-02-07,0.0,Investment_Trust,0.0
2323,中環,2017-02-08,0.0,Dealer_Hedging,0.0
2323,中環,2017-02-08,10000.0,Dealer_self,39000.0
2323,中環,2017-02-08,71000.0,Foreign_Investor,563000.0
2323,中環,2017-02-08,0.0,Investment_Trust,0.0
2323,中環,2017-02-09,0.0,Dealer_Hedging,0.0
2323,中環,2017-02-09,80000.0,Dealer_self,80000.0
2323,中環,2017-02-09,1554000.0,Foreign_Investor,2370000.0
2323,中環,2017-02-09,0.0,Investment_Trust,0.0
2323,中環,2017-02-10,0.0,Dealer_Hedging,0.0
2323,中環,2017-02-10,2000.0,Dealer_self,3000.0
2323,中環,2017-02-10,1797000.0,Foreign_Investor,100000.0
2323,中環,2017-02-10,0.0,Investment_Trust,0.0
2323,中環,2017-02-13,0.0,Dealer_Hedging,0.0
2323,中環,2017-02-13,22000.0,Dealer_self,18000.0
2323,中環,2017-02-13,702000.0,Foreign_Investor,1373000.0
2323,中環,2017-02-13,0.0,Investment_Trust,0.0
2323,中環,2017-02-14,0.0,Dealer_Hedging,0.0
2323,中環,2017-02-14,41000.0,Dealer_self,4000.0
2323,中環,2017-02-14,910000.0,Foreign_Investor,668000.0
2323,中環,2017-02-14,0.0,Investment_Trust,0.0
2323,中環,2017-02-15,0.0,Dealer_Hedging,0.0
2323,中環,2017-02-15,39000.0,Dealer_self,2000.0
2323,中環,2017-02-15,2606000.0,Foreign_Investor,274000.0
2323,中環,2017-02-15,0.0,Investment_Trust,0.0
2323,中環,2017-02-16,0.0,Dealer_Hedging,0.0
2323,中環,2017-02-16,2000.0,Dealer_self,0.0
2323,中環,2017-02-16,355000.0,Foreign_Investor,1421000.0
2323,中環,2017-02-16,0.0,Investment_Trust,0.0
2323,中環,2017-02-17,0.0,Dealer_Hedging,0.0
2323,中環,2017-02-17,12000.0,Dealer_self,6000.0
2323,中環,2017-02-17,1063000.0,Foreign_Investor,380000.0
2323,中環,2017-02-17,0.0,Investment_Trust,0.0
2323,中環,2017-02-18,0.0,Dealer_Hedging,0.0
2323,中環,2017-02-18,6000.0,Dealer_self,10000.0
2323,中環,2017-02-18,0.0,Foreign_Investor,0.0
2323,中環,2017-02-18,0.0,Investment_Trust,0.0
2323,中環,2017-02-20,0.0,Dealer_Hedging,0.0
2323,中環,2017-02-20,17000.0,Dealer_self,0.0
2323,中環,2017-02-20,339000.0,Foreign_Investor,295000.0
2323,中環,2017-02-20,0.0,Investment_Trust,0.0
2323,中環,2017-02-21,0.0,Dealer_Hedging,0.0
2323,中環,2017-02-21,2000.0,Dealer_self,0.0
2323,中環,2017-02-21,745000.0,Foreign_Investor,60000.0
2323,中環,2017-02-21,0.0,Investment_Trust,0.0
2323,中環,2017-02-22,0.0,Dealer_Hedging,0.0
2323,中環,2017-02-22,0.0,Dealer_self,0.0
2323,中環,2017-02-22,1059000.0,Foreign_Investor,460000.0
2323,中環,2017-02-22,0.0,Investment_Trust,0.0
2323,中環,2017-02-23,0.0,Dealer_Hedging,0.0
2323,中環,2017-02-23,165000.0,Dealer_self,24000.0
2323,中環,2017-02-23,121000.0,Foreign_Investor,1653000.0
2323,中環,2017-02-23,0.0,Investment_Trust,0.0
2323,中環,2017-02-24,0.0,Dealer_Hedging,0.0
2323,中環,2017-02-24,0.0,Dealer_self,110000.0
2323,中環,2017-02-24,1103000.0,Foreign_Investor,869000.0
2323,中環,2017-02-24,0.0,Investment_Trust,0.0
2323,中環,2017-03-01,0.0,Dealer_Hedging,0.0
2323,中環,2017-03-01,0.0,Dealer_self,1000.0
2323,中環,2017-03-01,569000.0,Foreign_Investor,822000.0
2323,中環,2017-03-01,0.0,Investment_Trust,0.0
2323,中環,2017-03-02,0.0,Dealer_Hedging,0.0
2323,中環,2017-03-02,0.0,Dealer_self,60000.0
2323,中環,2017-03-02,731000.0,Foreign_Investor,824000.0
2323,中環,2017-03-02,0.0,Investment_Trust,0.0
2323,中環,2017-03-03,0.0,Dealer_Hedging,0.0
2323,中環,2017-03-03,0.0,Dealer_self,0.0
2323,中環,2017-03-03,631000.0,Foreign_Investor,8000.0
2323,中環,2017-03-03,0.0,Investment_Trust,0.0
2323,中環,2017-03-06,0.0,Dealer_Hedging,0.0
2323,中環,2017-03-06,0.0,Dealer_self,0.0
2323,中環,2017-03-06,255000.0,Foreign_Investor,160000.0
2323,中環,2017-03-06,0.0,Investment_Trust,0.0
2323,中環,2017-03-07,0.0,Dealer_Hedging,0.0
2323,中環,2017-03-07,1000.0,Dealer_self,9000.0
2323,中環,2017-03-07,909000.0,Foreign_Investor,481000.0
2323,中環,2017-03-07,0.0,Investment_Trust,0.0
2323,中環,2017-03-08,0.0,Dealer_Hedging,0.0
2323,中環,2017-03-08,0.0,Dealer_self,3000.0
2323,中環,2017-03-08,410000.0,Foreign_Investor,255000.0
2323,中環,2017-03-08,0.0,Investment_Trust,0.0
2323,中環,2017-03-09,0.0,Dealer_Hedging,0.0
2323,中環,2017-03-09,1000.0,Dealer_self,0.0
2323,中環,2017-03-09,296511.0,Foreign_Investor,234000.0
2323,中環,2017-03-09,0.0,Investment_Trust,0.0
2323,中環,2017-03-10,0.0,Dealer_Hedging,0.0
2323,中環,2017-03-10,2000.0,Dealer_self,26000.0
2323,中環,2017-03-10,312001.0,Foreign_Investor,515000.0
2323,中環,2017-03-10,0.0,Investment_Trust,0.0
2323,中環,2017-03-13,0.0,Dealer_Hedging,0.0
2323,中環,2017-03-13,0.0,Dealer_self,0.0
2323,中環,2017-03-13,86000.0,Foreign_Investor,214405.0
2323,中環,2017-03-13,0.0,Investment_Trust,0.0
2323,中環,2017-03-14,0.0,Dealer_Hedging,0.0
2323,中環,2017-03-14,0.0,Dealer_self,35000.0
2323,中環,2017-03-14,254000.0,Foreign_Investor,134000.0
2323,中環,2017-03-14,0.0,Investment_Trust,0.0
2323,中環,2017-03-15,0.0,Dealer_Hedging,0.0
2323,中環,2017-03-15,85000.0,Dealer_self,0.0
2323,中環,2017-03-15,219000.0,Foreign_Investor,122000.0
2323,中環,2017-03-15,0.0,Investment_Trust,0.0
2323,中環,2017-03-16,0.0,Dealer_Hedging,0.0
2323,中環,2017-03-16,24000.0,Dealer_self,38000.0
2323,中環,2017-03-16,799000.0,Foreign_Investor,273000.0
2323,中環,2017-03-16,0.0,Investment_Trust,0.0
2323,中環,2017-03-17,0.0,Dealer_Hedging,0.0
2323,中環,2017-03-17,0.0,Dealer_self,2000.0
2323,中環,2017-03-17,1910000.0,Foreign_Investor,229000.0
2323,中環,2017-03-17,0.0,Investment_Trust,0.0
2323,中環,2017-03-20,0.0,Dealer_Hedging,0.0
2323,中環,2017-03-20,0.0,Dealer_self,0.0
2323,中環,2017-03-20,377000.0,Foreign_Investor,279000.0
2323,中環,2017-03-20,0.0,Investment_Trust,0.0
2323,中環,2017-03-21,0.0,Dealer_Hedging,0.0
2323,中環,2017-03-21,65000.0,Dealer_self,0.0
2323,中環,2017-03-21,1342000.0,Foreign_Investor,246000.0
2323,中環,2017-03-21,0.0,Investment_Trust,0.0
2323,中環,2017-03-22,0.0,Dealer_Hedging,0.0
2323,中環,2017-03-22,3000.0,Dealer_self,4000.0
2323,中環,2017-03-22,736000.0,Foreign_Investor,318000.0
2323,中環,2017-03-22,0.0,Investment_Trust,0.0
2323,中環,2017-03-23,0.0,Dealer_Hedging,0.0
2323,中環,2017-03-23,7000.0,Dealer_self,0.0
2323,中環,2017-03-23,289001.0,Foreign_Investor,80000.0
2323,中環,2017-03-23,0.0,Investment_Trust,0.0
2323,中環,2017-03-24,0.0,Dealer_Hedging,0.0
2323,中環,2017-03-24,2000.0,Dealer_self,0.0
2323,中環,2017-03-24,198000.0,Foreign_Investor,37000.0
2323,中環,2017-03-24,0.0,Investment_Trust,0.0
2323,中環,2017-03-27,0.0,Dealer_Hedging,0.0
2323,中環,2017-03-27,0.0,Dealer_self,0.0
2323,中環,2017-03-27,562000.0,Foreign_Investor,102330.0
2323,中環,2017-03-27,0.0,Investment_Trust,0.0
2323,中環,2017-03-28,0.0,Dealer_Hedging,0.0
2323,中環,2017-03-28,16000.0,Dealer_self,0.0
2323,中環,2017-03-28,547000.0,Foreign_Investor,240000.0
2323,中環,2017-03-28,0.0,Investment_Trust,0.0
2323,中環,2017-03-29,0.0,Dealer_Hedging,0.0
2323,中環,2017-03-29,10000.0,Dealer_self,0.0
2323,中環,2017-03-29,159001.0,Foreign_Investor,401000.0
2323,中環,2017-03-29,0.0,Investment_Trust,0.0
2323,中環,2017-03-30,0.0,Dealer_Hedging,0.0
2323,中環,2017-03-30,0.0,Dealer_self,10000.0
2323,中環,2017-03-30,249000.0,Foreign_Investor,71000.0
2323,中環,2017-03-30,0.0,Investment_Trust,0.0
2323,中環,2017-03-31,0.0,Dealer_Hedging,0.0
2323,中環,2017-03-31,0.0,Dealer_self,0.0
2323,中環,2017-03-31,240000.0,Foreign_Investor,29000.0
2323,中環,2017-03-31,0.0,Investment_Trust,0.0
2323,中環,2017-04-05,0.0,Dealer_Hedging,0.0
2323,中環,2017-04-05,0.0,Dealer_self,0.0
2323,中環,2017-04-05,891000.0,Foreign_Investor,234000.0
2323,中環,2017-04-05,0.0,Investment_Trust,0.0
2323,中環,2017-04-06,0.0,Dealer_Hedging,0.0
2323,中環,2017-04-06,10000.0,Dealer_self,0.0
2323,中環,2017-04-06,0.0,Foreign_Investor,203000.0
2323,中環,2017-04-06,0.0,Investment_Trust,0.0
2323,中環,2017-04-07,0.0,Dealer_Hedging,0.0
2323,中環,2017-04-07,0.0,Dealer_self,22000.0
2323,中環,2017-04-07,104000.0,Foreign_Investor,457000.0
2323,中環,2017-04-07,0.0,Investment_Trust,0.0
2323,中環,2017-04-10,0.0,Dealer_Hedging,0.0
2323,中環,2017-04-10,0.0,Dealer_self,0.0
2323,中環,2017-04-10,40000.0,Foreign_Investor,546000.0
2323,中環,2017-04-10,0.0,Investment_Trust,0.0
2323,中環,2017-04-11,0.0,Dealer_Hedging,0.0
2323,中環,2017-04-11,0.0,Dealer_self,14000.0
2323,中環,2017-04-11,0.0,Foreign_Investor,494000.0
2323,中環,2017-04-11,0.0,Investment_Trust,0.0
2323,中環,2017-04-12,0.0,Dealer_Hedging,0.0
2323,中環,2017-04-12,0.0,Dealer_self,1000.0
2323,中環,2017-04-12,407000.0,Foreign_Investor,214000.0
2323,中環,2017-04-12,0.0,Investment_Trust,0.0
2323,中環,2017-04-13,0.0,Dealer_Hedging,0.0
2323,中環,2017-04-13,0.0,Dealer_self,0.0
2323,中環,2017-04-13,40002.0,Foreign_Investor,120000.0
2323,中環,2017-04-13,0.0,Investment_Trust,0.0
2323,中環,2017-04-14,0.0,Dealer_Hedging,0.0
2323,中環,2017-04-14,1000.0,Dealer_self,2000.0
2323,中環,2017-04-14,47000.0,Foreign_Investor,137000.0
2323,中環,2017-04-14,0.0,Investment_Trust,0.0
2323,中環,2017-04-17,0.0,Dealer_Hedging,0.0
2323,中環,2017-04-17,22000.0,Dealer_self,4000.0
2323,中環,2017-04-17,144000.0,Foreign_Investor,153000.0
2323,中環,2017-04-17,0.0,Investment_Trust,0.0
2323,中環,2017-04-18,0.0,Dealer_Hedging,0.0
2323,中環,2017-04-18,0.0,Dealer_self,21000.0
2323,中環,2017-04-18,571000.0,Foreign_Investor,297000.0
2323,中環,2017-04-18,0.0,Investment_Trust,0.0
2323,中環,2017-04-19,0.0,Dealer_Hedging,0.0
2323,中環,2017-04-19,3000.0,Dealer_self,82000.0
2323,中環,2017-04-19,4000.0,Foreign_Investor,272000.0
2323,中環,2017-04-19,0.0,Investment_Trust,0.0
2323,中環,2017-04-20,0.0,Dealer_Hedging,0.0
2323,中環,2017-04-20,0.0,Dealer_self,0.0
2323,中環,2017-04-20,3000.0,Foreign_Investor,263413.0
2323,中環,2017-04-20,0.0,Investment_Trust,0.0
2323,中環,2017-04-21,0.0,Dealer_Hedging,0.0
2323,中環,2017-04-21,0.0,Dealer_self,0.0
2323,中環,2017-04-21,62000.0,Foreign_Investor,190000.0
2323,中環,2017-04-21,0.0,Investment_Trust,0.0
2323,中環,2017-04-24,0.0,Dealer_Hedging,0.0
2323,中環,2017-04-24,0.0,Dealer_self,0.0
2323,中環,2017-04-24,205000.0,Foreign_Investor,217000.0
2323,中環,2017-04-24,0.0,Investment_Trust,0.0
2323,中環,2017-04-25,0.0,Dealer_Hedging,0.0
2323,中環,2017-04-25,1000.0,Dealer_self,12000.0
2323,中環,2017-04-25,343000.0,Foreign_Investor,226000.0
2323,中環,2017-04-25,0.0,Investment_Trust,0.0
2323,中環,2017-04-26,0.0,Dealer_Hedging,0.0
2323,中環,2017-04-26,3000.0,Dealer_self,1000.0
2323,中環,2017-04-26,489000.0,Foreign_Investor,182000.0
2323,中環,2017-04-26,0.0,Investment_Trust,0.0
2323,中環,2017-04-27,0.0,Dealer_Hedging,0.0
2323,中環,2017-04-27,0.0,Dealer_self,4000.0
2323,中環,2017-04-27,511000.0,Foreign_Investor,29000.0
2323,中環,2017-04-27,0.0,Investment_Trust,0.0
2323,中環,2017-04-28,0.0,Dealer_Hedging,0.0
2323,中環,2017-04-28,0.0,Dealer_self,10000.0
2323,中環,2017-04-28,175000.0,Foreign_Investor,254000.0
2323,中環,2017-04-28,0.0,Investment_Trust,0.0
2323,中環,2017-05-02,0.0,Dealer_Hedging,0.0
2323,中環,2017-05-02,0.0,Dealer_self,0.0
2323,中環,2017-05-02,1782889.0,Foreign_Investor,1479889.0
2323,中環,2017-05-02,0.0,Investment_Trust,0.0
2323,中環,2017-05-03,0.0,Dealer_Hedging,0.0
2323,中環,2017-05-03,1000.0,Dealer_self,4000.0
2323,中環,2017-05-03,86000.0,Foreign_Investor,75000.0
2323,中環,2017-05-03,0.0,Investment_Trust,0.0
2323,中環,2017-05-04,0.0,Dealer_Hedging,0.0
2323,中環,2017-05-04,0.0,Dealer_self,0.0
2323,中環,2017-05-04,418000.0,Foreign_Investor,241000.0
2323,中環,2017-05-04,0.0,Investment_Trust,0.0
2323,中環,2017-05-05,0.0,Dealer_Hedging,0.0
2323,中環,2017-05-05,0.0,Dealer_self,24000.0
2323,中環,2017-05-05,164000.0,Foreign_Investor,408000.0
2323,中環,2017-05-05,0.0,Investment_Trust,0.0
2323,中環,2017-05-08,0.0,Dealer_Hedging,0.0
2323,中環,2017-05-08,2000.0,Dealer_self,8000.0
2323,中環,2017-05-08,873000.0,Foreign_Investor,415000.0
2323,中環,2017-05-08,0.0,Investment_Trust,0.0
2323,中環,2017-05-09,0.0,Dealer_Hedging,0.0
2323,中環,2017-05-09,0.0,Dealer_self,0.0
2323,中環,2017-05-09,223000.0,Foreign_Investor,101000.0
2323,中環,2017-05-09,0.0,Investment_Trust,0.0
2323,中環,2017-05-10,0.0,Dealer_Hedging,0.0
2323,中環,2017-05-10,0.0,Dealer_self,0.0
2323,中環,2017-05-10,745000.0,Foreign_Investor,557165.0
2323,中環,2017-05-10,0.0,Investment_Trust,0.0
2323,中環,2017-05-11,0.0,Dealer_Hedging,0.0
2323,中環,2017-05-11,20000.0,Dealer_self,0.0
2323,中環,2017-05-11,210000.0,Foreign_Investor,12000.0
2323,中環,2017-05-11,0.0,Investment_Trust,0.0
2323,中環,2017-05-12,0.0,Dealer_Hedging,0.0
2323,中環,2017-05-12,0.0,Dealer_self,0.0
2323,中環,2017-05-12,79000.0,Foreign_Investor,145000.0
2323,中環,2017-05-12,0.0,Investment_Trust,0.0
2323,中環,2017-05-15,0.0,Dealer_Hedging,0.0
2323,中環,2017-05-15,0.0,Dealer_self,0.0
2323,中環,2017-05-15,213000.0,Foreign_Investor,189000.0
2323,中環,2017-05-15,0.0,Investment_Trust,0.0
2323,中環,2017-05-16,0.0,Dealer_Hedging,0.0
2323,中環,2017-05-16,21000.0,Dealer_self,4000.0
2323,中環,2017-05-16,310000.0,Foreign_Investor,345277.0
2323,中環,2017-05-16,0.0,Investment_Trust,0.0
2323,中環,2017-05-17,0.0,Dealer_Hedging,0.0
2323,中環,2017-05-17,40000.0,Dealer_self,28000.0
2323,中環,2017-05-17,490000.0,Foreign_Investor,81000.0
2323,中環,2017-05-17,0.0,Investment_Trust,0.0
2323,中環,2017-05-18,0.0,Dealer_Hedging,0.0
2323,中環,2017-05-18,2000.0,Dealer_self,8000.0
2323,中環,2017-05-18,198000.0,Foreign_Investor,389000.0
2323,中環,2017-05-18,0.0,Investment_Trust,0.0
2323,中環,2017-05-19,0.0,Dealer_Hedging,0.0
2323,中環,2017-05-19,0.0,Dealer_self,0.0
2323,中環,2017-05-19,65000.0,Foreign_Investor,4000.0
2323,中環,2017-05-19,0.0,Investment_Trust,0.0
2323,中環,2017-05-22,0.0,Dealer_Hedging,0.0
2323,中環,2017-05-22,0.0,Dealer_self,0.0
2323,中環,2017-05-22,227000.0,Foreign_Investor,36000.0
2323,中環,2017-05-22,0.0,Investment_Trust,0.0
2323,中環,2017-05-23,0.0,Dealer_Hedging,0.0
2323,中環,2017-05-23,5000.0,Dealer_self,5000.0
2323,中環,2017-05-23,282000.0,Foreign_Investor,582000.0
2323,中環,2017-05-23,0.0,Investment_Trust,0.0
2323,中環,2017-05-24,0.0,Dealer_Hedging,0.0
2323,中環,2017-05-24,0.0,Dealer_self,10000.0
2323,中環,2017-05-24,359000.0,Foreign_Investor,210000.0
2323,中環,2017-05-24,0.0,Investment_Trust,0.0
2323,中環,2017-05-25,0.0,Dealer_Hedging,0.0
2323,中環,2017-05-25,0.0,Dealer_self,0.0
2323,中環,2017-05-25,307000.0,Foreign_Investor,689000.0
2323,中環,2017-05-25,0.0,Investment_Trust,0.0
2323,中環,2017-05-26,0.0,Dealer_Hedging,0.0
2323,中環,2017-05-26,0.0,Dealer_self,0.0
2323,中環,2017-05-26,492000.0,Foreign_Investor,5000.0
2323,中環,2017-05-26,0.0,Investment_Trust,0.0
2323,中環,2017-05-31,0.0,Dealer_Hedging,0.0
2323,中環,2017-05-31,1000.0,Dealer_self,4000.0
2323,中環,2017-05-31,1532000.0,Foreign_Investor,581000.0
2323,中環,2017-05-31,0.0,Investment_Trust,0.0
2323,中環,2017-06-01,0.0,Dealer_Hedging,0.0
2323,中環,2017-06-01,4000.0,Dealer_self,23000.0
2323,中環,2017-06-01,3000.0,Foreign_Investor,421000.0
2323,中環,2017-06-01,0.0,Investment_Trust,0.0
2323,中環,2017-06-02,0.0,Dealer_Hedging,0.0
2323,中環,2017-06-02,34000.0,Dealer_self,38000.0
2323,中環,2017-06-02,316000.0,Foreign_Investor,1872000.0
2323,中環,2017-06-02,0.0,Investment_Trust,0.0
2323,中環,2017-06-03,0.0,Dealer_Hedging,0.0
2323,中環,2017-06-03,40000.0,Dealer_self,37000.0
2323,中環,2017-06-03,0.0,Foreign_Investor,0.0
2323,中環,2017-06-03,0.0,Investment_Trust,0.0
2323,中環,2017-06-05,0.0,Dealer_Hedging,0.0
2323,中環,2017-06-05,19000.0,Dealer_self,4000.0
2323,中環,2017-06-05,627000.0,Foreign_Investor,322000.0
2323,中環,2017-06-05,0.0,Investment_Trust,0.0
2323,中環,2017-06-06,0.0,Dealer_Hedging,0.0
2323,中環,2017-06-06,18000.0,Dealer_self,0.0
2323,中環,2017-06-06,117000.0,Foreign_Investor,233000.0
2323,中環,2017-06-06,0.0,Investment_Trust,0.0
2323,中環,2017-06-07,0.0,Dealer_Hedging,0.0
2323,中環,2017-06-07,104000.0,Dealer_self,3000.0
2323,中環,2017-06-07,203000.0,Foreign_Investor,1020000.0
2323,中環,2017-06-07,0.0,Investment_Trust,0.0
2323,中環,2017-06-08,0.0,Dealer_Hedging,0.0
2323,中環,2017-06-08,8000.0,Dealer_self,0.0
2323,中環,2017-06-08,749000.0,Foreign_Investor,1512000.0
2323,中環,2017-06-08,0.0,Investment_Trust,0.0
2323,中環,2017-06-09,0.0,Dealer_Hedging,0.0
2323,中環,2017-06-09,442000.0,Dealer_self,0.0
2323,中環,2017-06-09,346000.0,Foreign_Investor,1135000.0
2323,中環,2017-06-09,0.0,Investment_Trust,0.0
2323,中環,2017-06-12,0.0,Dealer_Hedging,0.0
2323,中環,2017-06-12,20000.0,Dealer_self,0.0
2323,中環,2017-06-12,386000.0,Foreign_Investor,1160000.0
2323,中環,2017-06-12,0.0,Investment_Trust,0.0
2323,中環,2017-06-13,0.0,Dealer_Hedging,0.0
2323,中環,2017-06-13,53000.0,Dealer_self,0.0
2323,中環,2017-06-13,79000.0,Foreign_Investor,1084000.0
2323,中環,2017-06-13,0.0,Investment_Trust,0.0
2323,中環,2017-06-14,0.0,Dealer_Hedging,0.0
2323,中環,2017-06-14,16000.0,Dealer_self,0.0
2323,中環,2017-06-14,180000.0,Foreign_Investor,1609000.0
2323,中環,2017-06-14,0.0,Investment_Trust,0.0
2323,中環,2017-06-15,0.0,Dealer_Hedging,0.0
2323,中環,2017-06-15,0.0,Dealer_self,53000.0
2323,中環,2017-06-15,52000.0,Foreign_Investor,574000.0
2323,中環,2017-06-15,0.0,Investment_Trust,0.0
2323,中環,2017-06-16,0.0,Dealer_Hedging,0.0
2323,中環,2017-06-16,1000.0,Dealer_self,0.0
2323,中環,2017-06-16,67000.0,Foreign_Investor,1044000.0
2323,中環,2017-06-16,0.0,Investment_Trust,0.0
2323,中環,2017-06-19,0.0,Dealer_Hedging,0.0
2323,中環,2017-06-19,5000.0,Dealer_self,0.0
2323,中環,2017-06-19,35000.0,Foreign_Investor,858000.0
2323,中環,2017-06-19,0.0,Investment_Trust,0.0
2323,中環,2017-06-20,0.0,Dealer_Hedging,0.0
2323,中環,2017-06-20,596000.0,Dealer_self,0.0
2323,中環,2017-06-20,94000.0,Foreign_Investor,356000.0
2323,中環,2017-06-20,0.0,Investment_Trust,0.0
2323,中環,2017-06-21,0.0,Dealer_Hedging,0.0
2323,中環,2017-06-21,72000.0,Dealer_self,996000.0
2323,中環,2017-06-21,1520000.0,Foreign_Investor,886000.0
2323,中環,2017-06-21,0.0,Investment_Trust,0.0
2323,中環,2017-06-22,0.0,Dealer_Hedging,0.0
2323,中環,2017-06-22,14000.0,Dealer_self,5000.0
2323,中環,2017-06-22,161000.0,Foreign_Investor,1354000.0
2323,中環,2017-06-22,0.0,Investment_Trust,0.0
2323,中環,2017-06-23,0.0,Dealer_Hedging,0.0
2323,中環,2017-06-23,0.0,Dealer_self,0.0
2323,中環,2017-06-23,102000.0,Foreign_Investor,637000.0
2323,中環,2017-06-23,0.0,Investment_Trust,0.0
2323,中環,2017-06-26,0.0,Dealer_Hedging,0.0
2323,中環,2017-06-26,199000.0,Dealer_self,0.0
2323,中環,2017-06-26,360000.0,Foreign_Investor,950000.0
2323,中環,2017-06-26,0.0,Investment_Trust,0.0
2323,中環,2017-06-27,0.0,Dealer_Hedging,0.0
2323,中環,2017-06-27,10000.0,Dealer_self,0.0
2323,中環,2017-06-27,357000.0,Foreign_Investor,320000.0
2323,中環,2017-06-27,0.0,Investment_Trust,0.0
2323,中環,2017-06-28,0.0,Dealer_Hedging,0.0
2323,中環,2017-06-28,6000.0,Dealer_self,0.0
2323,中環,2017-06-28,157000.0,Foreign_Investor,217000.0
2323,中環,2017-06-28,0.0,Investment_Trust,0.0
2323,中環,2017-06-29,0.0,Dealer_Hedging,0.0
2323,中環,2017-06-29,2000.0,Dealer_self,0.0
2323,中環,2017-06-29,201000.0,Foreign_Investor,495000.0
2323,中環,2017-06-29,0.0,Investment_Trust,0.0
2323,中環,2017-06-30,0.0,Dealer_Hedging,0.0
2323,中環,2017-06-30,0.0,Dealer_self,0.0
2323,中環,2017-06-30,0.0,Foreign_Investor,1308000.0
2323,中環,2017-06-30,0.0,Investment_Trust,0.0
2323,中環,2017-07-03,0.0,Dealer_Hedging,0.0
2323,中環,2017-07-03,0.0,Dealer_self,0.0
2323,中環,2017-07-03,169000.0,Foreign_Investor,415000.0
2323,中環,2017-07-03,0.0,Investment_Trust,0.0
2323,中環,2017-07-04,0.0,Dealer_Hedging,0.0
2323,中環,2017-07-04,0.0,Dealer_self,35000.0
2323,中環,2017-07-04,93000.0,Foreign_Investor,637000.0
2323,中環,2017-07-04,0.0,Investment_Trust,0.0
2323,中環,2017-07-05,0.0,Dealer_Hedging,0.0
2323,中環,2017-07-05,84000.0,Dealer_self,2000.0
2323,中環,2017-07-05,458000.0,Foreign_Investor,515000.0
2323,中環,2017-07-05,0.0,Investment_Trust,0.0
2323,中環,2017-07-06,0.0,Dealer_Hedging,0.0
2323,中環,2017-07-06,0.0,Dealer_self,42000.0
2323,中環,2017-07-06,76000.0,Foreign_Investor,61000.0
2323,中環,2017-07-06,0.0,Investment_Trust,0.0
2323,中環,2017-07-07,0.0,Dealer_Hedging,0.0
2323,中環,2017-07-07,0.0,Dealer_self,46000.0
2323,中環,2017-07-07,104000.0,Foreign_Investor,98000.0
2323,中環,2017-07-07,0.0,Investment_Trust,0.0
2323,中環,2017-07-10,0.0,Dealer_Hedging,0.0
2323,中環,2017-07-10,0.0,Dealer_self,17000.0
2323,中環,2017-07-10,211000.0,Foreign_Investor,578000.0
2323,中環,2017-07-10,0.0,Investment_Trust,0.0
2323,中環,2017-07-11,0.0,Dealer_Hedging,0.0
2323,中環,2017-07-11,12000.0,Dealer_self,0.0
2323,中環,2017-07-11,260000.0,Foreign_Investor,673000.0
2323,中環,2017-07-11,0.0,Investment_Trust,0.0
2323,中環,2017-07-12,0.0,Dealer_Hedging,0.0
2323,中環,2017-07-12,2000.0,Dealer_self,83000.0
2323,中環,2017-07-12,162000.0,Foreign_Investor,83000.0
2323,中環,2017-07-12,0.0,Investment_Trust,0.0
2323,中環,2017-07-13,0.0,Dealer_Hedging,0.0
2323,中環,2017-07-13,0.0,Dealer_self,20000.0
2323,中環,2017-07-13,181000.0,Foreign_Investor,110000.0
2323,中環,2017-07-13,0.0,Investment_Trust,0.0
2323,中環,2017-07-14,0.0,Dealer_Hedging,0.0
2323,中環,2017-07-14,12000.0,Dealer_self,48000.0
2323,中環,2017-07-14,48000.0,Foreign_Investor,141000.0
2323,中環,2017-07-14,0.0,Investment_Trust,0.0
2323,中環,2017-07-17,0.0,Dealer_Hedging,0.0
2323,中環,2017-07-17,5000.0,Dealer_self,80000.0
2323,中環,2017-07-17,77000.0,Foreign_Investor,98000.0
2323,中環,2017-07-17,0.0,Investment_Trust,0.0
2323,中環,2017-07-18,0.0,Dealer_Hedging,0.0
2323,中環,2017-07-18,0.0,Dealer_self,30000.0
2323,中環,2017-07-18,52000.0,Foreign_Investor,394000.0
2323,中環,2017-07-18,0.0,Investment_Trust,0.0
2323,中環,2017-07-19,0.0,Dealer_Hedging,0.0
2323,中環,2017-07-19,20000.0,Dealer_self,60000.0
2323,中環,2017-07-19,96000.0,Foreign_Investor,1291000.0
2323,中環,2017-07-19,0.0,Investment_Trust,0.0
2323,中環,2017-07-20,0.0,Dealer_Hedging,0.0
2323,中環,2017-07-20,0.0,Dealer_self,4000.0
2323,中環,2017-07-20,34000.0,Foreign_Investor,544000.0
2323,中環,2017-07-20,0.0,Investment_Trust,0.0
2323,中環,2017-07-21,0.0,Dealer_Hedging,0.0
2323,中環,2017-07-21,0.0,Dealer_self,28000.0
2323,中環,2017-07-21,8000.0,Foreign_Investor,356000.0
2323,中環,2017-07-21,0.0,Investment_Trust,0.0
2323,中環,2017-07-24,0.0,Dealer_Hedging,0.0
2323,中環,2017-07-24,0.0,Dealer_self,0.0
2323,中環,2017-07-24,139000.0,Foreign_Investor,850917.0
2323,中環,2017-07-24,0.0,Investment_Trust,0.0
2323,中環,2017-07-25,0.0,Dealer_Hedging,0.0
2323,中環,2017-07-25,0.0,Dealer_self,10000.0
2323,中環,2017-07-25,88000.0,Foreign_Investor,459000.0
2323,中環,2017-07-25,0.0,Investment_Trust,0.0
2323,中環,2017-07-26,0.0,Dealer_Hedging,0.0
2323,中環,2017-07-26,0.0,Dealer_self,19000.0
2323,中環,2017-07-26,344000.0,Foreign_Investor,564000.0
2323,中環,2017-07-26,0.0,Investment_Trust,0.0
2323,中環,2017-07-27,0.0,Dealer_Hedging,0.0
2323,中環,2017-07-27,0.0,Dealer_self,0.0
2323,中環,2017-07-27,180000.0,Foreign_Investor,327000.0
2323,中環,2017-07-27,0.0,Investment_Trust,0.0
2323,中環,2017-07-28,0.0,Dealer_Hedging,0.0
2323,中環,2017-07-28,0.0,Dealer_self,0.0
2323,中環,2017-07-28,241000.0,Foreign_Investor,398000.0
2323,中環,2017-07-28,0.0,Investment_Trust,0.0
2323,中環,2017-07-31,0.0,Dealer_Hedging,0.0
2323,中環,2017-07-31,2000.0,Dealer_self,8000.0
2323,中環,2017-07-31,51000.0,Foreign_Investor,602000.0
2323,中環,2017-07-31,0.0,Investment_Trust,0.0
2323,中環,2017-08-01,0.0,Dealer_Hedging,0.0
2323,中環,2017-08-01,2000.0,Dealer_self,0.0
2323,中環,2017-08-01,259000.0,Foreign_Investor,774000.0
2323,中環,2017-08-01,0.0,Investment_Trust,0.0
2323,中環,2017-08-02,0.0,Dealer_Hedging,0.0
2323,中環,2017-08-02,2000.0,Dealer_self,0.0
2323,中環,2017-08-02,156000.0,Foreign_Investor,174000.0
2323,中環,2017-08-02,0.0,Investment_Trust,0.0
2323,中環,2017-08-03,0.0,Dealer_Hedging,0.0
2323,中環,2017-08-03,0.0,Dealer_self,10000.0
2323,中環,2017-08-03,230000.0,Foreign_Investor,322000.0
2323,中環,2017-08-03,0.0,Investment_Trust,0.0
2323,中環,2017-08-04,0.0,Dealer_Hedging,0.0
2323,中環,2017-08-04,0.0,Dealer_self,25000.0
2323,中環,2017-08-04,13000.0,Foreign_Investor,411000.0
2323,中環,2017-08-04,0.0,Investment_Trust,0.0
2323,中環,2017-08-07,0.0,Dealer_Hedging,0.0
2323,中環,2017-08-07,0.0,Dealer_self,0.0
2323,中環,2017-08-07,726000.0,Foreign_Investor,333000.0
2323,中環,2017-08-07,0.0,Investment_Trust,0.0
2323,中環,2017-08-08,0.0,Dealer_Hedging,0.0
2323,中環,2017-08-08,0.0,Dealer_self,1000.0
2323,中環,2017-08-08,126000.0,Foreign_Investor,0.0
2323,中環,2017-08-08,0.0,Investment_Trust,0.0
2323,中環,2017-08-09,0.0,Dealer_Hedging,0.0
2323,中環,2017-08-09,0.0,Dealer_self,1000.0
2323,中環,2017-08-09,222000.0,Foreign_Investor,0.0
2323,中環,2017-08-09,0.0,Investment_Trust,0.0
2323,中環,2017-08-10,0.0,Dealer_Hedging,0.0
2323,中環,2017-08-10,12000.0,Dealer_self,0.0
2323,中環,2017-08-10,33000.0,Foreign_Investor,183000.0
2323,中環,2017-08-10,0.0,Investment_Trust,0.0
2323,中環,2017-08-11,0.0,Dealer_Hedging,0.0
2323,中環,2017-08-11,4000.0,Dealer_self,0.0
2323,中環,2017-08-11,13000.0,Foreign_Investor,767000.0
2323,中環,2017-08-11,0.0,Investment_Trust,0.0
2323,中環,2017-08-14,0.0,Dealer_Hedging,0.0
2323,中環,2017-08-14,14000.0,Dealer_self,14000.0
2323,中環,2017-08-14,197000.0,Foreign_Investor,1345000.0
2323,中環,2017-08-14,0.0,Investment_Trust,0.0
2323,中環,2017-08-15,0.0,Dealer_Hedging,0.0
2323,中環,2017-08-15,0.0,Dealer_self,17000.0
2323,中環,2017-08-15,67000.0,Foreign_Investor,878000.0
2323,中環,2017-08-15,0.0,Investment_Trust,0.0
2323,中環,2017-08-16,0.0,Dealer_Hedging,0.0
2323,中環,2017-08-16,0.0,Dealer_self,4000.0
2323,中環,2017-08-16,1019000.0,Foreign_Investor,504000.0
2323,中環,2017-08-16,0.0,Investment_Trust,0.0
2323,中環,2017-08-17,0.0,Dealer_Hedging,0.0
2323,中環,2017-08-17,2000.0,Dealer_self,58000.0
2323,中環,2017-08-17,303000.0,Foreign_Investor,147000.0
2323,中環,2017-08-17,0.0,Investment_Trust,0.0
2323,中環,2017-08-18,0.0,Dealer_Hedging,0.0
2323,中環,2017-08-18,0.0,Dealer_self,5000.0
2323,中環,2017-08-18,284000.0,Foreign_Investor,1305000.0
2323,中環,2017-08-18,0.0,Investment_Trust,0.0
2323,中環,2017-08-21,0.0,Dealer_Hedging,0.0
2323,中環,2017-08-21,0.0,Dealer_self,0.0
2323,中環,2017-08-21,487000.0,Foreign_Investor,1545000.0
2323,中環,2017-08-21,0.0,Investment_Trust,0.0
2323,中環,2017-08-22,0.0,Dealer_Hedging,0.0
2323,中環,2017-08-22,0.0,Dealer_self,0.0
2323,中環,2017-08-22,348000.0,Foreign_Investor,830000.0
2323,中環,2017-08-22,0.0,Investment_Trust,0.0
2323,中環,2017-08-23,0.0,Dealer_Hedging,0.0
2323,中環,2017-08-23,0.0,Dealer_self,24000.0
2323,中環,2017-08-23,635000.0,Foreign_Investor,874000.0
2323,中環,2017-08-23,0.0,Investment_Trust,0.0
2323,中環,2017-08-24,0.0,Dealer_Hedging,0.0
2323,中環,2017-08-24,0.0,Dealer_self,0.0
2323,中環,2017-08-24,1014000.0,Foreign_Investor,1631000.0
2323,中環,2017-08-24,0.0,Investment_Trust,0.0
2323,中環,2017-08-25,0.0,Dealer_Hedging,0.0
2323,中環,2017-08-25,0.0,Dealer_self,4000.0
2323,中環,2017-08-25,1188000.0,Foreign_Investor,1532000.0
2323,中環,2017-08-25,0.0,Investment_Trust,0.0
2323,中環,2017-08-28,0.0,Dealer_Hedging,0.0
2323,中環,2017-08-28,0.0,Dealer_self,0.0
2323,中環,2017-08-28,2108000.0,Foreign_Investor,1783000.0
2323,中環,2017-08-28,0.0,Investment_Trust,0.0
2323,中環,2017-08-29,0.0,Dealer_Hedging,0.0
2323,中環,2017-08-29,6000.0,Dealer_self,0.0
2323,中環,2017-08-29,361234.0,Foreign_Investor,1505000.0
2323,中環,2017-08-29,0.0,Investment_Trust,0.0
2323,中環,2017-08-30,0.0,Dealer_Hedging,0.0
2323,中環,2017-08-30,0.0,Dealer_self,0.0
2323,中環,2017-08-30,1114000.0,Foreign_Investor,1293000.0
2323,中環,2017-08-30,0.0,Investment_Trust,0.0
2323,中環,2017-08-31,0.0,Dealer_Hedging,0.0
2323,中環,2017-08-31,25000.0,Dealer_self,0.0
2323,中環,2017-08-31,914000.0,Foreign_Investor,1609000.0
2323,中環,2017-08-31,0.0,Investment_Trust,0.0
2323,中環,2017-09-01,0.0,Dealer_Hedging,0.0
2323,中環,2017-09-01,0.0,Dealer_self,5000.0
2323,中環,2017-09-01,2146000.0,Foreign_Investor,199000.0
2323,中環,2017-09-01,0.0,Investment_Trust,0.0
2323,中環,2017-09-04,0.0,Dealer_Hedging,0.0
2323,中環,2017-09-04,2000.0,Dealer_self,0.0
2323,中環,2017-09-04,893000.0,Foreign_Investor,238000.0
2323,中環,2017-09-04,0.0,Investment_Trust,0.0
2323,中環,2017-09-05,0.0,Dealer_Hedging,0.0
2323,中環,2017-09-05,12000.0,Dealer_self,2000.0
2323,中環,2017-09-05,1712000.0,Foreign_Investor,3300000.0
2323,中環,2017-09-05,0.0,Investment_Trust,0.0
2323,中環,2017-09-06,0.0,Dealer_Hedging,0.0
2323,中環,2017-09-06,28000.0,Dealer_self,0.0
2323,中環,2017-09-06,751000.0,Foreign_Investor,1318000.0
2323,中環,2017-09-06,0.0,Investment_Trust,0.0
2323,中環,2017-09-07,0.0,Dealer_Hedging,0.0
2323,中環,2017-09-07,0.0,Dealer_self,54000.0
2323,中環,2017-09-07,1490000.0,Foreign_Investor,110000.0
2323,中環,2017-09-07,0.0,Investment_Trust,0.0
2323,中環,2017-09-08,0.0,Dealer_Hedging,0.0
2323,中環,2017-09-08,2000.0,Dealer_self,13000.0
2323,中環,2017-09-08,1111000.0,Foreign_Investor,53000.0
2323,中環,2017-09-08,0.0,Investment_Trust,0.0
2323,中環,2017-09-11,0.0,Dealer_Hedging,0.0
2323,中環,2017-09-11,198000.0,Dealer_self,0.0
2323,中環,2017-09-11,3571000.0,Foreign_Investor,70000.0
2323,中環,2017-09-11,0.0,Investment_Trust,0.0
2323,中環,2017-09-12,0.0,Dealer_Hedging,0.0
2323,中環,2017-09-12,1590000.0,Dealer_self,34000.0
2323,中環,2017-09-12,3188000.0,Foreign_Investor,1978652.0
2323,中環,2017-09-12,0.0,Investment_Trust,0.0
2323,中環,2017-09-13,0.0,Dealer_Hedging,0.0
2323,中環,2017-09-13,7000.0,Dealer_self,73000.0
2323,中環,2017-09-13,1882000.0,Foreign_Investor,1555401.0
2323,中環,2017-09-13,0.0,Investment_Trust,0.0
2323,中環,2017-09-14,0.0,Dealer_Hedging,0.0
2323,中環,2017-09-14,96000.0,Dealer_self,651000.0
2323,中環,2017-09-14,628000.0,Foreign_Investor,517000.0
2323,中環,2017-09-14,0.0,Investment_Trust,0.0
2323,中環,2017-09-15,0.0,Dealer_Hedging,0.0
2323,中環,2017-09-15,18000.0,Dealer_self,318000.0
2323,中環,2017-09-15,757000.0,Foreign_Investor,1240000.0
2323,中環,2017-09-15,0.0,Investment_Trust,0.0
2323,中環,2017-09-18,0.0,Dealer_Hedging,0.0
2323,中環,2017-09-18,76000.0,Dealer_self,42000.0
2323,中環,2017-09-18,1439000.0,Foreign_Investor,283000.0
2323,中環,2017-09-18,0.0,Investment_Trust,0.0
2323,中環,2017-09-19,0.0,Dealer_Hedging,0.0
2323,中環,2017-09-19,23000.0,Dealer_self,72000.0
2323,中環,2017-09-19,1334000.0,Foreign_Investor,384000.0
2323,中環,2017-09-19,0.0,Investment_Trust,0.0
2323,中環,2017-09-20,0.0,Dealer_Hedging,0.0
2323,中環,2017-09-20,37000.0,Dealer_self,36000.0
2323,中環,2017-09-20,334000.0,Foreign_Investor,2221000.0
2323,中環,2017-09-20,0.0,Investment_Trust,0.0
2323,中環,2017-09-21,0.0,Dealer_Hedging,0.0
2323,中環,2017-09-21,4000.0,Dealer_self,0.0
2323,中環,2017-09-21,123000.0,Foreign_Investor,531000.0
2323,中環,2017-09-21,0.0,Investment_Trust,0.0
2323,中環,2017-09-22,0.0,Dealer_Hedging,0.0
2323,中環,2017-09-22,24000.0,Dealer_self,2000.0
2323,中環,2017-09-22,190000.0,Foreign_Investor,64000.0
2323,中環,2017-09-22,0.0,Investment_Trust,0.0
2323,中環,2017-09-25,0.0,Dealer_Hedging,0.0
2323,中環,2017-09-25,24000.0,Dealer_self,560000.0
2323,中環,2017-09-25,1046000.0,Foreign_Investor,662000.0
2323,中環,2017-09-25,0.0,Investment_Trust,0.0
2323,中環,2017-09-26,0.0,Dealer_Hedging,0.0
2323,中環,2017-09-26,8000.0,Dealer_self,0.0
2323,中環,2017-09-26,133000.0,Foreign_Investor,2167000.0
2323,中環,2017-09-26,0.0,Investment_Trust,0.0
2323,中環,2017-09-27,0.0,Dealer_Hedging,0.0
2323,中環,2017-09-27,0.0,Dealer_self,0.0
2323,中環,2017-09-27,456000.0,Foreign_Investor,547000.0
2323,中環,2017-09-27,0.0,Investment_Trust,0.0
2323,中環,2017-09-28,0.0,Dealer_Hedging,0.0
2323,中環,2017-09-28,4000.0,Dealer_self,0.0
2323,中環,2017-09-28,44000.0,Foreign_Investor,420000.0
2323,中環,2017-09-28,0.0,Investment_Trust,0.0
2323,中環,2017-09-29,0.0,Dealer_Hedging,0.0
2323,中環,2017-09-29,20000.0,Dealer_self,0.0
2323,中環,2017-09-29,154000.0,Foreign_Investor,690000.0
2323,中環,2017-09-29,0.0,Investment_Trust,0.0
2323,中環,2017-10-02,0.0,Dealer_Hedging,0.0
2323,中環,2017-10-02,4000.0,Dealer_self,24000.0
2323,中環,2017-10-02,790000.0,Foreign_Investor,444000.0
2323,中環,2017-10-02,0.0,Investment_Trust,0.0
2323,中環,2017-10-03,0.0,Dealer_Hedging,0.0
2323,中環,2017-10-03,5000.0,Dealer_self,0.0
2323,中環,2017-10-03,677000.0,Foreign_Investor,542000.0
2323,中環,2017-10-03,0.0,Investment_Trust,0.0
2323,中環,2017-10-05,0.0,Dealer_Hedging,0.0
2323,中環,2017-10-05,56000.0,Dealer_self,20000.0
2323,中環,2017-10-05,357000.0,Foreign_Investor,2330000.0
2323,中環,2017-10-05,0.0,Investment_Trust,0.0
2323,中環,2017-10-06,0.0,Dealer_Hedging,0.0
2323,中環,2017-10-06,4000.0,Dealer_self,0.0
2323,中環,2017-10-06,139000.0,Foreign_Investor,908000.0
2323,中環,2017-10-06,0.0,Investment_Trust,0.0
2323,中環,2017-10-11,0.0,Dealer_Hedging,0.0
2323,中環,2017-10-11,2000.0,Dealer_self,28000.0
2323,中環,2017-10-11,921000.0,Foreign_Investor,296000.0
2323,中環,2017-10-11,0.0,Investment_Trust,0.0
2323,中環,2017-10-12,0.0,Dealer_Hedging,0.0
2323,中環,2017-10-12,0.0,Dealer_self,65000.0
2323,中環,2017-10-12,35000.0,Foreign_Investor,2836000.0
2323,中環,2017-10-12,0.0,Investment_Trust,0.0
2323,中環,2017-10-13,0.0,Dealer_Hedging,0.0
2323,中環,2017-10-13,0.0,Dealer_self,50000.0
2323,中環,2017-10-13,43000.0,Foreign_Investor,906000.0
2323,中環,2017-10-13,0.0,Investment_Trust,0.0
2323,中環,2017-10-16,0.0,Dealer_Hedging,0.0
2323,中環,2017-10-16,4000.0,Dealer_self,14000.0
2323,中環,2017-10-16,545000.0,Foreign_Investor,1295000.0
2323,中環,2017-10-16,0.0,Investment_Trust,0.0
2323,中環,2017-10-17,0.0,Dealer_Hedging,0.0
2323,中環,2017-10-17,25000.0,Dealer_self,0.0
2323,中環,2017-10-17,231000.0,Foreign_Investor,258000.0
2323,中環,2017-10-17,0.0,Investment_Trust,0.0
2323,中環,2017-10-18,0.0,Dealer_Hedging,0.0
2323,中環,2017-10-18,40000.0,Dealer_self,12000.0
2323,中環,2017-10-18,172000.0,Foreign_Investor,344000.0
2323,中環,2017-10-18,0.0,Investment_Trust,0.0
2323,中環,2017-10-19,0.0,Dealer_Hedging,0.0
2323,中環,2017-10-19,28000.0,Dealer_self,0.0
2323,中環,2017-10-19,135000.0,Foreign_Investor,50000.0
2323,中環,2017-10-19,0.0,Investment_Trust,0.0
2323,中環,2017-10-20,0.0,Dealer_Hedging,0.0
2323,中環,2017-10-20,21000.0,Dealer_self,46000.0
2323,中環,2017-10-20,420000.0,Foreign_Investor,97000.0
2323,中環,2017-10-20,0.0,Investment_Trust,0.0
2323,中環,2017-10-23,0.0,Dealer_Hedging,0.0
2323,中環,2017-10-23,0.0,Dealer_self,0.0
2323,中環,2017-10-23,353000.0,Foreign_Investor,77000.0
2323,中環,2017-10-23,0.0,Investment_Trust,0.0
2323,中環,2017-10-24,0.0,Dealer_Hedging,0.0
2323,中環,2017-10-24,4000.0,Dealer_self,24000.0
2323,中環,2017-10-24,656000.0,Foreign_Investor,694000.0
2323,中環,2017-10-24,0.0,Investment_Trust,0.0
2323,中環,2017-10-25,0.0,Dealer_Hedging,0.0
2323,中環,2017-10-25,30000.0,Dealer_self,10000.0
2323,中環,2017-10-25,237000.0,Foreign_Investor,428000.0
2323,中環,2017-10-25,0.0,Investment_Trust,0.0
2323,中環,2017-10-26,0.0,Dealer_Hedging,0.0
2323,中環,2017-10-26,34000.0,Dealer_self,0.0
2323,中環,2017-10-26,504000.0,Foreign_Investor,339000.0
2323,中環,2017-10-26,0.0,Investment_Trust,0.0
2323,中環,2017-10-27,0.0,Dealer_Hedging,0.0
2323,中環,2017-10-27,0.0,Dealer_self,29000.0
2323,中環,2017-10-27,116000.0,Foreign_Investor,550000.0
2323,中環,2017-10-27,0.0,Investment_Trust,0.0
2323,中環,2017-10-30,0.0,Dealer_Hedging,0.0
2323,中環,2017-10-30,16000.0,Dealer_self,0.0
2323,中環,2017-10-30,234000.0,Foreign_Investor,236000.0
2323,中環,2017-10-30,0.0,Investment_Trust,0.0
2323,中環,2017-10-31,0.0,Dealer_Hedging,0.0
2323,中環,2017-10-31,0.0,Dealer_self,22000.0
2323,中環,2017-10-31,476000.0,Foreign_Investor,127000.0
2323,中環,2017-10-31,0.0,Investment_Trust,0.0
2323,中環,2017-11-01,0.0,Dealer_Hedging,0.0
2323,中環,2017-11-01,0.0,Dealer_self,15000.0
2323,中環,2017-11-01,204000.0,Foreign_Investor,42000.0
2323,中環,2017-11-01,0.0,Investment_Trust,0.0
2323,中環,2017-11-02,0.0,Dealer_Hedging,0.0
2323,中環,2017-11-02,0.0,Dealer_self,20000.0
2323,中環,2017-11-02,56000.0,Foreign_Investor,60000.0
2323,中環,2017-11-02,0.0,Investment_Trust,0.0
2323,中環,2017-11-03,0.0,Dealer_Hedging,0.0
2323,中環,2017-11-03,0.0,Dealer_self,5000.0
2323,中環,2017-11-03,74000.0,Foreign_Investor,548000.0
2323,中環,2017-11-03,0.0,Investment_Trust,0.0
2323,中環,2017-11-06,0.0,Dealer_Hedging,0.0
2323,中環,2017-11-06,14000.0,Dealer_self,5000.0
2323,中環,2017-11-06,103000.0,Foreign_Investor,686000.0
2323,中環,2017-11-06,0.0,Investment_Trust,0.0
2323,中環,2017-11-07,0.0,Dealer_Hedging,0.0
2323,中環,2017-11-07,0.0,Dealer_self,28000.0
2323,中環,2017-11-07,118000.0,Foreign_Investor,126000.0
2323,中環,2017-11-07,0.0,Investment_Trust,0.0
2323,中環,2017-11-08,0.0,Dealer_Hedging,0.0
2323,中環,2017-11-08,0.0,Dealer_self,14000.0
2323,中環,2017-11-08,128000.0,Foreign_Investor,556000.0
2323,中環,2017-11-08,0.0,Investment_Trust,0.0
2323,中環,2017-11-09,0.0,Dealer_Hedging,0.0
2323,中環,2017-11-09,16000.0,Dealer_self,0.0
2323,中環,2017-11-09,88000.0,Foreign_Investor,709000.0
2323,中環,2017-11-09,0.0,Investment_Trust,0.0
2323,中環,2017-11-10,0.0,Dealer_Hedging,0.0
2323,中環,2017-11-10,6000.0,Dealer_self,4000.0
2323,中環,2017-11-10,137000.0,Foreign_Investor,145000.0
2323,中環,2017-11-10,0.0,Investment_Trust,0.0
2323,中環,2017-11-13,0.0,Dealer_Hedging,0.0
2323,中環,2017-11-13,28000.0,Dealer_self,0.0
2323,中環,2017-11-13,28000.0,Foreign_Investor,1748000.0
2323,中環,2017-11-13,0.0,Investment_Trust,0.0
2323,中環,2017-11-14,0.0,Dealer_Hedging,0.0
2323,中環,2017-11-14,7000.0,Dealer_self,0.0
2323,中環,2017-11-14,8000.0,Foreign_Investor,168000.0
2323,中環,2017-11-14,0.0,Investment_Trust,0.0
2323,中環,2017-11-15,0.0,Dealer_Hedging,0.0
2323,中環,2017-11-15,30000.0,Dealer_self,4000.0
2323,中環,2017-11-15,565000.0,Foreign_Investor,561000.0
2323,中環,2017-11-15,0.0,Investment_Trust,0.0
2323,中環,2017-11-16,0.0,Dealer_Hedging,0.0
2323,中環,2017-11-16,0.0,Dealer_self,0.0
2323,中環,2017-11-16,133000.0,Foreign_Investor,1135000.0
2323,中環,2017-11-16,0.0,Investment_Trust,0.0
2323,中環,2017-11-17,0.0,Dealer_Hedging,0.0
2323,中環,2017-11-17,1000.0,Dealer_self,24000.0
2323,中環,2017-11-17,142000.0,Foreign_Investor,1029000.0
2323,中環,2017-11-17,0.0,Investment_Trust,0.0
2323,中環,2017-11-20,0.0,Dealer_Hedging,0.0
2323,中環,2017-11-20,0.0,Dealer_self,75000.0
2323,中環,2017-11-20,48000.0,Foreign_Investor,597000.0
2323,中環,2017-11-20,0.0,Investment_Trust,0.0
2323,中環,2017-11-21,0.0,Dealer_Hedging,0.0
2323,中環,2017-11-21,0.0,Dealer_self,89000.0
2323,中環,2017-11-21,930000.0,Foreign_Investor,1096000.0
2323,中環,2017-11-21,0.0,Investment_Trust,0.0
2323,中環,2017-11-22,0.0,Dealer_Hedging,0.0
2323,中環,2017-11-22,0.0,Dealer_self,0.0
2323,中環,2017-11-22,656000.0,Foreign_Investor,1227000.0
2323,中環,2017-11-22,0.0,Investment_Trust,0.0
2323,中環,2017-11-23,0.0,Dealer_Hedging,0.0
2323,中環,2017-11-23,1000.0,Dealer_self,0.0
2323,中環,2017-11-23,188000.0,Foreign_Investor,724000.0
2323,中環,2017-11-23,0.0,Investment_Trust,0.0
2323,中環,2017-11-24,0.0,Dealer_Hedging,0.0
2323,中環,2017-11-24,2000.0,Dealer_self,50000.0
2323,中環,2017-11-24,377000.0,Foreign_Investor,858000.0
2323,中環,2017-11-24,0.0,Investment_Trust,0.0
2323,中環,2017-11-27,0.0,Dealer_Hedging,0.0
2323,中環,2017-11-27,0.0,Dealer_self,1000.0
2323,中環,2017-11-27,294000.0,Foreign_Investor,933000.0
2323,中環,2017-11-27,0.0,Investment_Trust,0.0
2323,中環,2017-11-28,0.0,Dealer_Hedging,0.0
2323,中環,2017-11-28,0.0,Dealer_self,168000.0
2323,中環,2017-11-28,661000.0,Foreign_Investor,453000.0
2323,中環,2017-11-28,0.0,Investment_Trust,0.0
2323,中環,2017-11-29,0.0,Dealer_Hedging,0.0
2323,中環,2017-11-29,0.0,Dealer_self,68000.0
2323,中環,2017-11-29,168000.0,Foreign_Investor,882000.0
2323,中環,2017-11-29,0.0,Investment_Trust,0.0
2323,中環,2017-11-30,0.0,Dealer_Hedging,0.0
2323,中環,2017-11-30,0.0,Dealer_self,0.0
2323,中環,2017-11-30,798000.0,Foreign_Investor,899014.0
2323,中環,2017-11-30,0.0,Investment_Trust,0.0
2323,中環,2017-12-01,0.0,Dealer_Hedging,0.0
2323,中環,2017-12-01,0.0,Dealer_self,64000.0
2323,中環,2017-12-01,193000.0,Foreign_Investor,1195000.0
2323,中環,2017-12-01,0.0,Investment_Trust,0.0
2323,中環,2017-12-04,0.0,Dealer_Hedging,0.0
2323,中環,2017-12-04,11000.0,Dealer_self,0.0
2323,中環,2017-12-04,285000.0,Foreign_Investor,167000.0
2323,中環,2017-12-04,0.0,Investment_Trust,0.0
2323,中環,2017-12-05,0.0,Dealer_Hedging,0.0
2323,中環,2017-12-05,0.0,Dealer_self,14000.0
2323,中環,2017-12-05,118000.0,Foreign_Investor,96000.0
2323,中環,2017-12-05,0.0,Investment_Trust,0.0
2323,中環,2017-12-06,0.0,Dealer_Hedging,0.0
2323,中環,2017-12-06,7000.0,Dealer_self,0.0
2323,中環,2017-12-06,222000.0,Foreign_Investor,182000.0
2323,中環,2017-12-06,0.0,Investment_Trust,0.0
2323,中環,2017-12-07,0.0,Dealer_Hedging,0.0
2323,中環,2017-12-07,1000.0,Dealer_self,0.0
2323,中環,2017-12-07,920000.0,Foreign_Investor,816000.0
2323,中環,2017-12-07,0.0,Investment_Trust,0.0
2323,中環,2017-12-08,0.0,Dealer_Hedging,0.0
2323,中環,2017-12-08,1000.0,Dealer_self,0.0
2323,中環,2017-12-08,918000.0,Foreign_Investor,438000.0
2323,中環,2017-12-08,0.0,Investment_Trust,0.0
2323,中環,2017-12-11,0.0,Dealer_Hedging,0.0
2323,中環,2017-12-11,0.0,Dealer_self,0.0
2323,中環,2017-12-11,101000.0,Foreign_Investor,174000.0
2323,中環,2017-12-11,0.0,Investment_Trust,0.0
2323,中環,2017-12-12,0.0,Dealer_Hedging,0.0
2323,中環,2017-12-12,146000.0,Dealer_self,0.0
2323,中環,2017-12-12,794000.0,Foreign_Investor,36000.0
2323,中環,2017-12-12,0.0,Investment_Trust,0.0
2323,中環,2017-12-13,0.0,Dealer_Hedging,0.0
2323,中環,2017-12-13,0.0,Dealer_self,0.0
2323,中環,2017-12-13,231000.0,Foreign_Investor,57304.0
2323,中環,2017-12-13,0.0,Investment_Trust,0.0
2323,中環,2017-12-14,0.0,Dealer_Hedging,0.0
2323,中環,2017-12-14,109000.0,Dealer_self,0.0
2323,中環,2017-12-14,126000.0,Foreign_Investor,86000.0
2323,中環,2017-12-14,0.0,Investment_Trust,0.0
2323,中環,2017-12-15,0.0,Dealer_Hedging,0.0
2323,中環,2017-12-15,10000.0,Dealer_self,0.0
2323,中環,2017-12-15,650000.0,Foreign_Investor,98000.0
2323,中環,2017-12-15,0.0,Investment_Trust,0.0
2323,中環,2017-12-18,0.0,Dealer_Hedging,0.0
2323,中環,2017-12-18,12000.0,Dealer_self,3000.0
2323,中環,2017-12-18,0.0,Foreign_Dealer_Self,0.0
2323,中環,2017-12-18,835000.0,Foreign_Investor,341000.0
2323,中環,2017-12-18,0.0,Investment_Trust,0.0
2323,中環,2017-12-19,0.0,Dealer_Hedging,0.0
2323,中環,2017-12-19,4000.0,Dealer_self,0.0
2323,中環,2017-12-19,0.0,Foreign_Dealer_Self,0.0
2323,中環,2017-12-19,394000.0,Foreign_Investor,236000.0
2323,中環,2017-12-19,0.0,Investment_Trust,0.0
2323,中環,2017-12-20,0.0,Dealer_Hedging,0.0
2323,中環,2017-12-20,109000.0,Dealer_self,32000.0
2323,中環,2017-12-20,0.0,Foreign_Dealer_Self,0.0
2323,中環,2017-12-20,3041000.0,Foreign_Investor,64000.0
2323,中環,2017-12-20,0.0,Investment_Trust,0.0
2323,中環,2017-12-21,0.0,Dealer_Hedging,0.0
2323,中環,2017-12-21,33000.0,Dealer_self,0.0
2323,中環,2017-12-21,0.0,Foreign_Dealer_Self,0.0
2323,中環,2017-12-21,504000.0,Foreign_Investor,210000.0
2323,中環,2017-12-21,0.0,Investment_Trust,0.0
2323,中環,2017-12-22,0.0,Dealer_Hedging,0.0
2323,中環,2017-12-22,44000.0,Dealer_self,0.0
2323,中環,2017-12-22,0.0,Foreign_Dealer_Self,0.0
2323,中環,2017-12-22,505000.0,Foreign_Investor,396000.0
2323,中環,2017-12-22,0.0,Investment_Trust,0.0
2323,中環,2017-12-25,0.0,Dealer_Hedging,0.0
2323,中環,2017-12-25,5000.0,Dealer_self,0.0
2323,中環,2017-12-25,0.0,Foreign_Dealer_Self,0.0
2323,中環,2017-12-25,229000.0,Foreign_Investor,14000.0
2323,中環,2017-12-25,0.0,Investment_Trust,0.0
2323,中環,2017-12-26,0.0,Dealer_Hedging,0.0
2323,中環,2017-12-26,0.0,Dealer_self,2000.0
2323,中環,2017-12-26,0.0,Foreign_Dealer_Self,0.0
2323,中環,2017-12-26,165000.0,Foreign_Investor,74000.0
2323,中環,2017-12-26,0.0,Investment_Trust,0.0
2323,中環,2017-12-27,0.0,Dealer_Hedging,0.0
2323,中環,2017-12-27,0.0,Dealer_self,0.0
2323,中環,2017-12-27,0.0,Foreign_Dealer_Self,0.0
2323,中環,2017-12-27,856000.0,Foreign_Investor,172000.0
2323,中環,2017-12-27,0.0,Investment_Trust,0.0
2323,中環,2017-12-28,0.0,Dealer_Hedging,0.0
2323,中環,2017-12-28,0.0,Dealer_self,0.0
2323,中環,2017-12-28,0.0,Foreign_Dealer_Self,0.0
2323,中環,2017-12-28,551000.0,Foreign_Investor,316000.0
2323,中環,2017-12-28,0.0,Investment_Trust,0.0
2323,中環,2017-12-29,0.0,Dealer_Hedging,0.0
2323,中環,2017-12-29,0.0,Dealer_self,0.0
2323,中環,2017-12-29,0.0,Foreign_Dealer_Self,0.0
2323,中環,2017-12-29,526000.0,Foreign_Investor,176000.0
2323,中環,2017-12-29,0.0,Investment_Trust,0.0
2323,中環,2018-01-02,0.0,Dealer_Hedging,0.0
2323,中環,2018-01-02,0.0,Dealer_self,1000.0
2323,中環,2018-01-02,0.0,Foreign_Dealer_Self,0.0
2323,中環,2018-01-02,1210000.0,Foreign_Investor,260000.0
2323,中環,2018-01-02,0.0,Investment_Trust,0.0
2323,中環,2018-01-03,0.0,Dealer_Hedging,0.0
2323,中環,2018-01-03,0.0,Dealer_self,0.0
2323,中環,2018-01-03,0.0,Foreign_Dealer_Self,0.0
2323,中環,2018-01-03,464000.0,Foreign_Investor,47000.0
2323,中環,2018-01-03,0.0,Investment_Trust,0.0
2323,中環,2018-01-04,0.0,Dealer_Hedging,0.0
2323,中環,2018-01-04,36000.0,Dealer_self,33000.0
2323,中環,2018-01-04,0.0,Foreign_Dealer_Self,0.0
2323,中環,2018-01-04,659000.0,Foreign_Investor,105000.0
2323,中環,2018-01-04,0.0,Investment_Trust,0.0
2323,中環,2018-01-05,0.0,Dealer_Hedging,0.0
2323,中環,2018-01-05,0.0,Dealer_self,0.0
2323,中環,2018-01-05,0.0,Foreign_Dealer_Self,0.0
2323,中環,2018-01-05,402000.0,Foreign_Investor,49000.0
2323,中環,2018-01-05,0.0,Investment_Trust,0.0
2323,中環,2018-01-08,0.0,Dealer_Hedging,0.0
2323,中環,2018-01-08,1000.0,Dealer_self,6000.0
2323,中環,2018-01-08,0.0,Foreign_Dealer_Self,0.0
2323,中環,2018-01-08,169000.0,Foreign_Investor,937000.0
2323,中環,2018-01-08,0.0,Investment_Trust,0.0
2323,中環,2018-01-09,0.0,Dealer_Hedging,0.0
2323,中環,2018-01-09,8000.0,Dealer_self,6000.0
2323,中環,2018-01-09,0.0,Foreign_Dealer_Self,0.0
2323,中環,2018-01-09,155000.0,Foreign_Investor,179000.0
2323,中環,2018-01-09,0.0,Investment_Trust,0.0
2323,中環,2018-01-10,0.0,Dealer_Hedging,0.0
2323,中環,2018-01-10,48000.0,Dealer_self,0.0
2323,中環,2018-01-10,0.0,Foreign_Dealer_Self,0.0
2323,中環,2018-01-10,112000.0,Foreign_Investor,190000.0
2323,中環,2018-01-10,0.0,Investment_Trust,0.0
2323,中環,2018-01-11,0.0,Dealer_Hedging,0.0
2323,中環,2018-01-11,16000.0,Dealer_self,0.0
2323,中環,2018-01-11,0.0,Foreign_Dealer_Self,0.0
2323,中環,2018-01-11,260000.0,Foreign_Investor,367000.0
2323,中環,2018-01-11,0.0,Investment_Trust,0.0
2323,中環,2018-01-12,0.0,Dealer_Hedging,0.0
2323,中環,2018-01-12,20000.0,Dealer_self,0.0
2323,中環,2018-01-12,0.0,Foreign_Dealer_Self,0.0
2323,中環,2018-01-12,604000.0,Foreign_Investor,0.0
2323,中環,2018-01-12,0.0,Investment_Trust,0.0
2323,中環,2018-01-15,0.0,Dealer_Hedging,0.0
2323,中環,2018-01-15,71000.0,Dealer_self,0.0
2323,中環,2018-01-15,0.0,Foreign_Dealer_Self,0.0
2323,中環,2018-01-15,111000.0,Foreign_Investor,79000.0
2323,中環,2018-01-15,0.0,Investment_Trust,0.0
2323,中環,2018-01-16,0.0,Dealer_Hedging,0.0
2323,中環,2018-01-16,11000.0,Dealer_self,0.0
2323,中環,2018-01-16,0.0,Foreign_Dealer_Self,0.0
2323,中環,2018-01-16,554000.0,Foreign_Investor,3000.0
2323,中環,2018-01-16,0.0,Investment_Trust,0.0
2323,中環,2018-01-17,0.0,Dealer_Hedging,0.0
2323,中環,2018-01-17,70000.0,Dealer_self,54000.0
2323,中環,2018-01-17,0.0,Foreign_Dealer_Self,0.0
2323,中環,2018-01-17,2462000.0,Foreign_Investor,653000.0
2323,中環,2018-01-17,0.0,Investment_Trust,0.0
2323,中環,2018-01-18,0.0,Dealer_Hedging,0.0
2323,中環,2018-01-18,26000.0,Dealer_self,0.0
2323,中環,2018-01-18,0.0,Foreign_Dealer_Self,0.0
2323,中環,2018-01-18,667000.0,Foreign_Investor,1849000.0
2323,中環,2018-01-18,0.0,Investment_Trust,0.0
2323,中環,2018-01-19,0.0,Dealer_Hedging,0.0
2323,中環,2018-01-19,7000.0,Dealer_self,0.0
2323,中環,2018-01-19,0.0,Foreign_Dealer_Self,0.0
2323,中環,2018-01-19,151000.0,Foreign_Investor,560000.0
2323,中環,2018-01-19,0.0,Investment_Trust,0.0
2323,中環,2018-01-22,0.0,Dealer_Hedging,0.0
2323,中環,2018-01-22,4000.0,Dealer_self,94000.0
2323,中環,2018-01-22,0.0,Foreign_Dealer_Self,0.0
2323,中環,2018-01-22,502000.0,Foreign_Investor,2074000.0
2323,中環,2018-01-22,0.0,Investment_Trust,0.0
2323,中環,2018-01-23,20000.0,Dealer_Hedging,0.0
2323,中環,2018-01-23,210000.0,Dealer_self,74000.0
2323,中環,2018-01-23,0.0,Foreign_Dealer_Self,0.0
2323,中環,2018-01-23,5705000.0,Foreign_Investor,1319000.0
2323,中環,2018-01-23,0.0,Investment_Trust,0.0
2323,中環,2018-01-24,0.0,Dealer_Hedging,0.0
2323,中環,2018-01-24,196000.0,Dealer_self,54000.0
2323,中環,2018-01-24,0.0,Foreign_Dealer_Self,0.0
2323,中環,2018-01-24,2096000.0,Foreign_Investor,6214000.0
2323,中環,2018-01-24,0.0,Investment_Trust,0.0
2323,中環,2018-01-25,0.0,Dealer_Hedging,0.0
2323,中環,2018-01-25,99000.0,Dealer_self,114000.0
2323,中環,2018-01-25,0.0,Foreign_Dealer_Self,0.0
2323,中環,2018-01-25,2678000.0,Foreign_Investor,2902000.0
2323,中環,2018-01-25,0.0,Investment_Trust,0.0
2323,中環,2018-01-26,30000.0,Dealer_Hedging,0.0
2323,中環,2018-01-26,121000.0,Dealer_self,14000.0
2323,中環,2018-01-26,0.0,Foreign_Dealer_Self,0.0
2323,中環,2018-01-26,2273000.0,Foreign_Investor,1432798.0
2323,中環,2018-01-26,0.0,Investment_Trust,0.0
2323,中環,2018-01-29,0.0,Dealer_Hedging,0.0
2323,中環,2018-01-29,97000.0,Dealer_self,20000.0
2323,中環,2018-01-29,0.0,Foreign_Dealer_Self,0.0
2323,中環,2018-01-29,91000.0,Foreign_Investor,3387000.0
2323,中環,2018-01-29,0.0,Investment_Trust,0.0
2323,中環,2018-01-30,0.0,Dealer_Hedging,0.0
2323,中環,2018-01-30,33000.0,Dealer_self,34000.0
2323,中環,2018-01-30,0.0,Foreign_Dealer_Self,0.0
2323,中環,2018-01-30,668000.0,Foreign_Investor,386000.0
2323,中環,2018-01-30,0.0,Investment_Trust,0.0
2323,中環,2018-01-31,0.0,Dealer_Hedging,0.0
2323,中環,2018-01-31,22000.0,Dealer_self,35000.0
2323,中環,2018-01-31,0.0,Foreign_Dealer_Self,0.0
2323,中環,2018-01-31,964000.0,Foreign_Investor,1561000.0
2323,中環,2018-01-31,0.0,Investment_Trust,0.0
2323,中環,2018-02-01,0.0,Dealer_Hedging,0.0
2323,中環,2018-02-01,78000.0,Dealer_self,0.0
2323,中環,2018-02-01,0.0,Foreign_Dealer_Self,0.0
2323,中環,2018-02-01,194000.0,Foreign_Investor,2267000.0
2323,中環,2018-02-01,0.0,Investment_Trust,0.0
2323,中環,2018-02-02,0.0,Dealer_Hedging,0.0
2323,中環,2018-02-02,14000.0,Dealer_self,12000.0
2323,中環,2018-02-02,0.0,Foreign_Dealer_Self,0.0
2323,中環,2018-02-02,330000.0,Foreign_Investor,524000.0
2323,中環,2018-02-02,0.0,Investment_Trust,0.0
2323,中環,2018-02-05,0.0,Dealer_Hedging,0.0
2323,中環,2018-02-05,79000.0,Dealer_self,72000.0
2323,中環,2018-02-05,0.0,Foreign_Dealer_Self,0.0
2323,中環,2018-02-05,833000.0,Foreign_Investor,137000.0
2323,中環,2018-02-05,0.0,Investment_Trust,0.0
2323,中環,2018-02-06,0.0,Dealer_Hedging,50000.0
2323,中環,2018-02-06,28000.0,Dealer_self,364000.0
2323,中環,2018-02-06,0.0,Foreign_Dealer_Self,0.0
2323,中環,2018-02-06,2764000.0,Foreign_Investor,1432000.0
2323,中環,2018-02-06,0.0,Investment_Trust,0.0
2323,中環,2018-02-07,0.0,Dealer_Hedging,0.0
2323,中環,2018-02-07,14000.0,Dealer_self,15000.0
2323,中環,2018-02-07,0.0,Foreign_Dealer_Self,0.0
2323,中環,2018-02-07,603000.0,Foreign_Investor,3912000.0
2323,中環,2018-02-07,0.0,Investment_Trust,0.0
2323,中環,2018-02-08,0.0,Dealer_Hedging,0.0
2323,中環,2018-02-08,0.0,Dealer_self,0.0
2323,中環,2018-02-08,0.0,Foreign_Dealer_Self,0.0
2323,中環,2018-02-08,516000.0,Foreign_Investor,1875000.0
2323,中環,2018-02-08,0.0,Investment_Trust,0.0
2323,中環,2018-02-09,0.0,Dealer_Hedging,0.0
2323,中環,2018-02-09,2421000.0,Dealer_self,14000.0
2323,中環,2018-02-09,0.0,Foreign_Dealer_Self,0.0
2323,中環,2018-02-09,2105000.0,Foreign_Investor,1209000.0
2323,中環,2018-02-09,0.0,Investment_Trust,0.0
2323,中環,2018-02-12,0.0,Dealer_Hedging,0.0
2323,中環,2018-02-12,0.0,Dealer_self,112000.0
2323,中環,2018-02-12,0.0,Foreign_Dealer_Self,0.0
2323,中環,2018-02-12,193000.0,Foreign_Investor,3896000.0
2323,中環,2018-02-12,0.0,Investment_Trust,0.0
2323,中環,2018-02-21,0.0,Dealer_Hedging,0.0
2323,中環,2018-02-21,2000.0,Dealer_self,154000.0
2323,中環,2018-02-21,0.0,Foreign_Dealer_Self,0.0
2323,中環,2018-02-21,1857000.0,Foreign_Investor,875000.0
2323,中環,2018-02-21,0.0,Investment_Trust,0.0
2323,中環,2018-02-22,0.0,Dealer_Hedging,0.0
2323,中環,2018-02-22,20000.0,Dealer_self,2000.0
2323,中環,2018-02-22,0.0,Foreign_Dealer_Self,0.0
2323,中環,2018-02-22,686000.0,Foreign_Investor,1141000.0
2323,中環,2018-02-22,0.0,Investment_Trust,0.0
2323,中環,2018-02-23,46000.0,Dealer_Hedging,0.0
2323,中環,2018-02-23,4000.0,Dealer_self,2000.0
2323,中環,2018-02-23,0.0,Foreign_Dealer_Self,0.0
2323,中環,2018-02-23,2062000.0,Foreign_Investor,513000.0
2323,中環,2018-02-23,0.0,Investment_Trust,0.0
2323,中環,2018-02-26,0.0,Dealer_Hedging,0.0
2323,中環,2018-02-26,17000.0,Dealer_self,0.0
2323,中環,2018-02-26,0.0,Foreign_Dealer_Self,0.0
2323,中環,2018-02-26,1068000.0,Foreign_Investor,365000.0
2323,中環,2018-02-26,0.0,Investment_Trust,0.0
2323,中環,2018-02-27,0.0,Dealer_Hedging,0.0
2323,中環,2018-02-27,21000.0,Dealer_self,0.0
2323,中環,2018-02-27,0.0,Foreign_Dealer_Self,0.0
2323,中環,2018-02-27,572000.0,Foreign_Investor,203000.0
2323,中環,2018-02-27,0.0,Investment_Trust,0.0
2323,中環,2018-03-01,0.0,Dealer_Hedging,0.0
2323,中環,2018-03-01,1123000.0,Dealer_self,4000.0
2323,中環,2018-03-01,0.0,Foreign_Dealer_Self,0.0
2323,中環,2018-03-01,331000.0,Foreign_Investor,546000.0
2323,中環,2018-03-01,0.0,Investment_Trust,0.0
2323,中環,2018-03-02,0.0,Dealer_Hedging,0.0
2323,中環,2018-03-02,1130000.0,Dealer_self,4000.0
2323,中環,2018-03-02,0.0,Foreign_Dealer_Self,0.0
2323,中環,2018-03-02,278000.0,Foreign_Investor,251000.0
2323,中環,2018-03-02,0.0,Investment_Trust,0.0
2323,中環,2018-03-05,0.0,Dealer_Hedging,0.0
2323,中環,2018-03-05,1120000.0,Dealer_self,2000.0
2323,中環,2018-03-05,0.0,Foreign_Dealer_Self,0.0
2323,中環,2018-03-05,223000.0,Foreign_Investor,896000.0
2323,中環,2018-03-05,0.0,Investment_Trust,0.0
2323,中環,2018-03-06,0.0,Dealer_Hedging,0.0
2323,中環,2018-03-06,16000.0,Dealer_self,6000.0
2323,中環,2018-03-06,0.0,Foreign_Dealer_Self,0.0
2323,中環,2018-03-06,230000.0,Foreign_Investor,1090000.0
2323,中環,2018-03-06,0.0,Investment_Trust,0.0
2323,中環,2018-03-07,0.0,Dealer_Hedging,0.0
2323,中環,2018-03-07,20000.0,Dealer_self,10000.0
2323,中環,2018-03-07,0.0,Foreign_Dealer_Self,0.0
2323,中環,2018-03-07,271000.0,Foreign_Investor,516000.0
2323,中環,2018-03-07,0.0,Investment_Trust,0.0
2323,中環,2018-03-08,0.0,Dealer_Hedging,0.0
2323,中環,2018-03-08,2000.0,Dealer_self,0.0
2323,中環,2018-03-08,0.0,Foreign_Dealer_Self,0.0
2323,中環,2018-03-08,639000.0,Foreign_Investor,39000.0
2323,中環,2018-03-08,0.0,Investment_Trust,0.0
2323,中環,2018-03-09,0.0,Dealer_Hedging,0.0
2323,中環,2018-03-09,30000.0,Dealer_self,0.0
2323,中環,2018-03-09,0.0,Foreign_Dealer_Self,0.0
2323,中環,2018-03-09,1265000.0,Foreign_Investor,1299000.0
2323,中環,2018-03-09,0.0,Investment_Trust,0.0
2323,中環,2018-03-12,0.0,Dealer_Hedging,0.0
2323,中環,2018-03-12,20000.0,Dealer_self,0.0
2323,中環,2018-03-12,0.0,Foreign_Dealer_Self,0.0
2323,中環,2018-03-12,709000.0,Foreign_Investor,148000.0
2323,中環,2018-03-12,0.0,Investment_Trust,0.0
2323,中環,2018-03-13,0.0,Dealer_Hedging,0.0
2323,中環,2018-03-13,1000.0,Dealer_self,63000.0
2323,中環,2018-03-13,0.0,Foreign_Dealer_Self,0.0
2323,中環,2018-03-13,1581000.0,Foreign_Investor,390000.0
2323,中環,2018-03-13,0.0,Investment_Trust,0.0
2323,中環,2018-03-14,0.0,Dealer_Hedging,0.0
2323,中環,2018-03-14,890000.0,Dealer_self,12000.0
2323,中環,2018-03-14,0.0,Foreign_Dealer_Self,0.0
2323,中環,2018-03-14,1531000.0,Foreign_Investor,52000.0
2323,中環,2018-03-14,0.0,Investment_Trust,0.0
2323,中環,2018-03-15,0.0,Dealer_Hedging,0.0
2323,中環,2018-03-15,779000.0,Dealer_self,22000.0
2323,中環,2018-03-15,0.0,Foreign_Dealer_Self,0.0
2323,中環,2018-03-15,1012000.0,Foreign_Investor,1808000.0
2323,中環,2018-03-15,0.0,Investment_Trust,0.0
2323,中環,2018-03-16,0.0,Dealer_Hedging,0.0
2323,中環,2018-03-16,548000.0,Dealer_self,0.0
2323,中環,2018-03-16,0.0,Foreign_Dealer_Self,0.0
2323,中環,2018-03-16,1413000.0,Foreign_Investor,1591000.0
2323,中環,2018-03-16,0.0,Investment_Trust,0.0
2323,中環,2018-03-19,0.0,Dealer_Hedging,0.0
2323,中環,2018-03-19,2000.0,Dealer_self,0.0
2323,中環,2018-03-19,0.0,Foreign_Dealer_Self,0.0
2323,中環,2018-03-19,850000.0,Foreign_Investor,358000.0
2323,中環,2018-03-19,0.0,Investment_Trust,0.0
2323,中環,2018-03-20,0.0,Dealer_Hedging,0.0
2323,中環,2018-03-20,0.0,Dealer_self,5000.0
2323,中環,2018-03-20,0.0,Foreign_Dealer_Self,0.0
2323,中環,2018-03-20,186000.0,Foreign_Investor,244000.0
2323,中環,2018-03-20,0.0,Investment_Trust,0.0
2323,中環,2018-03-21,0.0,Dealer_Hedging,0.0
2323,中環,2018-03-21,208000.0,Dealer_self,90000.0
2323,中環,2018-03-21,0.0,Foreign_Dealer_Self,0.0
2323,中環,2018-03-21,614000.0,Foreign_Investor,119000.0
2323,中環,2018-03-21,0.0,Investment_Trust,0.0
2323,中環,2018-03-22,0.0,Dealer_Hedging,0.0
2323,中環,2018-03-22,196000.0,Dealer_self,17000.0
2323,中環,2018-03-22,0.0,Foreign_Dealer_Self,0.0
2323,中環,2018-03-22,245000.0,Foreign_Investor,1372000.0
2323,中環,2018-03-22,0.0,Investment_Trust,0.0
2323,中環,2018-03-23,0.0,Dealer_Hedging,0.0
2323,中環,2018-03-23,33000.0,Dealer_self,72000.0
2323,中環,2018-03-23,0.0,Foreign_Dealer_Self,0.0
2323,中環,2018-03-23,227000.0,Foreign_Investor,918852.0
2323,中環,2018-03-23,0.0,Investment_Trust,0.0
2323,中環,2018-03-26,0.0,Dealer_Hedging,0.0
2323,中環,2018-03-26,49000.0,Dealer_self,1000.0
2323,中環,2018-03-26,0.0,Foreign_Dealer_Self,0.0
2323,中環,2018-03-26,79000.0,Foreign_Investor,467000.0
2323,中環,2018-03-26,0.0,Investment_Trust,0.0
2323,中環,2018-03-27,0.0,Dealer_Hedging,0.0
2323,中環,2018-03-27,21000.0,Dealer_self,0.0
2323,中環,2018-03-27,0.0,Foreign_Dealer_Self,0.0
2323,中環,2018-03-27,191004.0,Foreign_Investor,241000.0
2323,中環,2018-03-27,0.0,Investment_Trust,0.0
2323,中環,2018-03-28,0.0,Dealer_Hedging,0.0
2323,中環,2018-03-28,5000.0,Dealer_self,13000.0
2323,中環,2018-03-28,0.0,Foreign_Dealer_Self,0.0
2323,中環,2018-03-28,304000.0,Foreign_Investor,632000.0
2323,中環,2018-03-28,0.0,Investment_Trust,0.0
2323,中環,2018-03-29,0.0,Dealer_Hedging,0.0
2323,中環,2018-03-29,1000.0,Dealer_self,10000.0
2323,中環,2018-03-29,0.0,Foreign_Dealer_Self,0.0
2323,中環,2018-03-29,208000.0,Foreign_Investor,263000.0
2323,中環,2018-03-29,0.0,Investment_Trust,0.0
2323,中環,2018-03-30,0.0,Dealer_Hedging,0.0
2323,中環,2018-03-30,17000.0,Dealer_self,4000.0
2323,中環,2018-03-30,0.0,Foreign_Dealer_Self,0.0
2323,中環,2018-03-30,679000.0,Foreign_Investor,112000.0
2323,中環,2018-03-30,0.0,Investment_Trust,0.0
2323,中環,2018-03-31,0.0,Dealer_Hedging,0.0
2323,中環,2018-03-31,6000.0,Dealer_self,20000.0
2323,中環,2018-03-31,0.0,Foreign_Dealer_Self,0.0
2323,中環,2018-03-31,0.0,Foreign_Investor,0.0
2323,中環,2018-03-31,0.0,Investment_Trust,0.0
2323,中環,2018-04-02,0.0,Dealer_Hedging,0.0
2323,中環,2018-04-02,5000.0,Dealer_self,45000.0
2323,中環,2018-04-02,0.0,Foreign_Dealer_Self,0.0
2323,中環,2018-04-02,218000.0,Foreign_Investor,205000.0
2323,中環,2018-04-02,0.0,Investment_Trust,0.0
2323,中環,2018-04-03,0.0,Dealer_Hedging,0.0
2323,中環,2018-04-03,0.0,Foreign_Dealer_Self,0.0
2323,中環,2018-04-03,577000.0,Foreign_Investor,403000.0
2323,中環,2018-04-03,0.0,Investment_Trust,0.0
2323,中環,2018-04-03,0.0,Dealer_self,46000.0
2323,中環,2018-04-09,0.0,Dealer_Hedging,0.0
2323,中環,2018-04-09,1000.0,Dealer_self,36000.0
2323,中環,2018-04-09,0.0,Foreign_Dealer_Self,0.0
2323,中環,2018-04-09,395000.0,Foreign_Investor,2221000.0
2323,中環,2018-04-09,0.0,Investment_Trust,0.0
2323,中環,2018-04-10,0.0,Dealer_Hedging,0.0
2323,中環,2018-04-10,47000.0,Dealer_self,146000.0
2323,中環,2018-04-10,0.0,Foreign_Dealer_Self,0.0
2323,中環,2018-04-10,579000.0,Foreign_Investor,3519000.0
2323,中環,2018-04-10,990000.0,Investment_Trust,0.0
2323,中環,2018-04-11,0.0,Dealer_Hedging,0.0
2323,中環,2018-04-11,0.0,Dealer_self,54000.0
2323,中環,2018-04-11,0.0,Foreign_Dealer_Self,0.0
2323,中環,2018-04-11,48000.0,Foreign_Investor,664000.0
2323,中環,2018-04-11,860000.0,Investment_Trust,0.0
2323,中環,2018-04-12,0.0,Dealer_Hedging,0.0
2323,中環,2018-04-12,4118000.0,Dealer_self,198000.0
2323,中環,2018-04-12,0.0,Foreign_Dealer_Self,0.0
2323,中環,2018-04-12,10324000.0,Foreign_Investor,1384000.0
2323,中環,2018-04-12,4459000.0,Investment_Trust,0.0
2323,中環,2018-04-13,0.0,Dealer_Hedging,46000.0
2323,中環,2018-04-13,1857000.0,Dealer_self,270000.0
2323,中環,2018-04-13,0.0,Foreign_Dealer_Self,0.0
2323,中環,2018-04-13,22467000.0,Foreign_Investor,5018000.0
2323,中環,2018-04-13,9327000.0,Investment_Trust,0.0
2323,中環,2018-04-16,0.0,Dealer_Hedging,0.0
2323,中環,2018-04-16,1899000.0,Dealer_self,2000.0
2323,中環,2018-04-16,0.0,Foreign_Dealer_Self,0.0
2323,中環,2018-04-16,11569000.0,Foreign_Investor,5621435.0
2323,中環,2018-04-16,0.0,Investment_Trust,0.0
2323,中環,2018-04-17,50000.0,Dealer_Hedging,0.0
2323,中環,2018-04-17,609000.0,Dealer_self,112000.0
2323,中環,2018-04-17,0.0,Foreign_Dealer_Self,0.0
2323,中環,2018-04-17,7382000.0,Foreign_Investor,3689000.0
2323,中環,2018-04-17,0.0,Investment_Trust,0.0
2323,中環,2018-04-18,0.0,Dealer_Hedging,0.0
2323,中環,2018-04-18,797000.0,Dealer_self,61000.0
2323,中環,2018-04-18,0.0,Foreign_Dealer_Self,0.0
2323,中環,2018-04-18,383000.0,Foreign_Investor,1964000.0
2323,中環,2018-04-18,1000000.0,Investment_Trust,0.0
2323,中環,2018-04-19,0.0,Dealer_Hedging,0.0
2323,中環,2018-04-19,17000.0,Dealer_self,500000.0
2323,中環,2018-04-19,0.0,Foreign_Dealer_Self,0.0
2323,中環,2018-04-19,451000.0,Foreign_Investor,806000.0
2323,中環,2018-04-19,0.0,Investment_Trust,0.0
2323,中環,2018-04-20,0.0,Dealer_Hedging,0.0
2323,中環,2018-04-20,73000.0,Dealer_self,12000.0
2323,中環,2018-04-20,0.0,Foreign_Dealer_Self,0.0
2323,中環,2018-04-20,318000.0,Foreign_Investor,222000.0
2323,中環,2018-04-20,0.0,Investment_Trust,0.0
2323,中環,2018-04-23,0.0,Dealer_Hedging,0.0
2323,中環,2018-04-23,22000.0,Dealer_self,2345000.0
2323,中環,2018-04-23,0.0,Foreign_Dealer_Self,0.0
2323,中環,2018-04-23,2001000.0,Foreign_Investor,312000.0
2323,中環,2018-04-23,0.0,Investment_Trust,0.0
2323,中環,2018-04-24,0.0,Dealer_Hedging,0.0
2323,中環,2018-04-24,0.0,Dealer_self,5000.0
2323,中環,2018-04-24,0.0,Foreign_Dealer_Self,0.0
2323,中環,2018-04-24,3029000.0,Foreign_Investor,1456000.0
2323,中環,2018-04-24,0.0,Investment_Trust,0.0
2323,中環,2018-04-25,0.0,Dealer_Hedging,0.0
2323,中環,2018-04-25,2030000.0,Dealer_self,1545000.0
2323,中環,2018-04-25,0.0,Foreign_Dealer_Self,0.0
2323,中環,2018-04-25,2169000.0,Foreign_Investor,2908000.0
2323,中環,2018-04-25,0.0,Investment_Trust,0.0
2323,中環,2018-04-26,0.0,Dealer_Hedging,0.0
2323,中環,2018-04-26,2990000.0,Dealer_self,530000.0
2323,中環,2018-04-26,0.0,Foreign_Dealer_Self,0.0
2323,中環,2018-04-26,784000.0,Foreign_Investor,852000.0
2323,中環,2018-04-26,0.0,Investment_Trust,0.0
2323,中環,2018-04-27,0.0,Dealer_Hedging,0.0
2323,中環,2018-04-27,0.0,Dealer_self,500000.0
2323,中環,2018-04-27,0.0,Foreign_Dealer_Self,0.0
2323,中環,2018-04-27,2685000.0,Foreign_Investor,998000.0
2323,中環,2018-04-27,0.0,Investment_Trust,0.0
2323,中環,2018-04-30,0.0,Dealer_Hedging,0.0
2323,中環,2018-04-30,1667000.0,Dealer_self,32000.0
2323,中環,2018-04-30,0.0,Foreign_Dealer_Self,0.0
2323,中環,2018-04-30,78000.0,Foreign_Investor,167000.0
2323,中環,2018-04-30,0.0,Investment_Trust,0.0
2323,中環,2018-05-02,0.0,Dealer_Hedging,0.0
2323,中環,2018-05-02,48000.0,Dealer_self,0.0
2323,中環,2018-05-02,0.0,Foreign_Dealer_Self,0.0
2323,中環,2018-05-02,92000.0,Foreign_Investor,421000.0
2323,中環,2018-05-02,0.0,Investment_Trust,0.0
2323,中環,2018-05-03,0.0,Dealer_Hedging,0.0
2323,中環,2018-05-03,819000.0,Dealer_self,2570000.0
2323,中環,2018-05-03,0.0,Foreign_Dealer_Self,0.0
2323,中環,2018-05-03,4650000.0,Foreign_Investor,3969000.0
2323,中環,2018-05-03,3770000.0,Investment_Trust,0.0
2323,中環,2018-05-04,50000.0,Dealer_Hedging,0.0
2323,中環,2018-05-04,2427000.0,Dealer_self,514000.0
2323,中環,2018-05-04,0.0,Foreign_Dealer_Self,0.0
2323,中環,2018-05-04,2514000.0,Foreign_Investor,18878000.0
2323,中環,2018-05-04,800000.0,Investment_Trust,5554000.0
2323,中環,2018-05-07,0.0,Dealer_Hedging,0.0
2323,中環,2018-05-07,2365000.0,Dealer_self,1828000.0
2323,中環,2018-05-07,0.0,Foreign_Dealer_Self,0.0
2323,中環,2018-05-07,3762000.0,Foreign_Investor,6121000.0
2323,中環,2018-05-07,0.0,Investment_Trust,0.0
2323,中環,2018-05-08,0.0,Dealer_Hedging,0.0
2323,中環,2018-05-08,686000.0,Dealer_self,317000.0
2323,中環,2018-05-08,0.0,Foreign_Dealer_Self,0.0
2323,中環,2018-05-08,1171000.0,Foreign_Investor,7595000.0
2323,中環,2018-05-08,0.0,Investment_Trust,0.0
2323,中環,2018-05-09,0.0,Dealer_Hedging,0.0
2323,中環,2018-05-09,630000.0,Dealer_self,202000.0
2323,中環,2018-05-09,0.0,Foreign_Dealer_Self,0.0
2323,中環,2018-05-09,1198000.0,Foreign_Investor,5156000.0
2323,中環,2018-05-09,0.0,Investment_Trust,0.0
2323,中環,2018-05-10,0.0,Dealer_Hedging,0.0
2323,中環,2018-05-10,2062000.0,Dealer_self,1001000.0
2323,中環,2018-05-10,0.0,Foreign_Dealer_Self,0.0
2323,中環,2018-05-10,11384000.0,Foreign_Investor,4911172.0
2323,中環,2018-05-10,0.0,Investment_Trust,0.0
2323,中環,2018-05-11,0.0,Dealer_Hedging,0.0
2323,中環,2018-05-11,760000.0,Dealer_self,107000.0
2323,中環,2018-05-11,0.0,Foreign_Dealer_Self,0.0
2323,中環,2018-05-11,10797000.0,Foreign_Investor,1333000.0
2323,中環,2018-05-11,500000.0,Investment_Trust,0.0
2323,中環,2018-05-14,0.0,Dealer_Hedging,0.0
2323,中環,2018-05-14,123000.0,Dealer_self,40000.0
2323,中環,2018-05-14,0.0,Foreign_Dealer_Self,0.0
2323,中環,2018-05-14,294000.0,Foreign_Investor,1327000.0
2323,中環,2018-05-14,1400000.0,Investment_Trust,0.0
2323,中環,2018-05-15,0.0,Dealer_Hedging,0.0
2323,中環,2018-05-15,0.0,Dealer_self,0.0
2323,中環,2018-05-15,0.0,Foreign_Dealer_Self,0.0
2323,中環,2018-05-15,9008000.0,Foreign_Investor,328000.0
2323,中環,2018-05-15,0.0,Investment_Trust,0.0
2323,中環,2018-05-16,199000.0,Dealer_Hedging,100000.0
2323,中環,2018-05-16,6216000.0,Dealer_self,1759000.0
2323,中環,2018-05-16,0.0,Foreign_Dealer_Self,0.0
2323,中環,2018-05-16,5186000.0,Foreign_Investor,13036000.0
2323,中環,2018-05-16,1055000.0,Investment_Trust,0.0
2323,中環,2018-05-17,0.0,Dealer_Hedging,0.0
2323,中環,2018-05-17,2484000.0,Dealer_self,1249000.0
2323,中環,2018-05-17,0.0,Foreign_Dealer_Self,0.0
2323,中環,2018-05-17,5655000.0,Foreign_Investor,9651000.0
2323,中環,2018-05-17,0.0,Investment_Trust,0.0
2323,中環,2018-05-18,0.0,Dealer_Hedging,0.0
2323,中環,2018-05-18,567000.0,Dealer_self,366000.0
2323,中環,2018-05-18,0.0,Foreign_Dealer_Self,0.0
2323,中環,2018-05-18,731000.0,Foreign_Investor,8186000.0
2323,中環,2018-05-18,0.0,Investment_Trust,0.0
2323,中環,2018-05-21,0.0,Dealer_Hedging,0.0
2323,中環,2018-05-21,1375000.0,Dealer_self,555000.0
2323,中環,2018-05-21,0.0,Foreign_Dealer_Self,0.0
2323,中環,2018-05-21,189000.0,Foreign_Investor,2599000.0
2323,中環,2018-05-21,0.0,Investment_Trust,0.0
2323,中環,2018-05-22,0.0,Dealer_Hedging,0.0
2323,中環,2018-05-22,5239000.0,Dealer_self,2713000.0
2323,中環,2018-05-22,0.0,Foreign_Dealer_Self,0.0
2323,中環,2018-05-22,3068000.0,Foreign_Investor,18210000.0
2323,中環,2018-05-22,448000.0,Investment_Trust,0.0
2323,中環,2018-05-23,0.0,Dealer_Hedging,0.0
2323,中環,2018-05-23,2413000.0,Dealer_self,5463000.0
2323,中環,2018-05-23,0.0,Foreign_Dealer_Self,0.0
2323,中環,2018-05-23,5207000.0,Foreign_Investor,2820000.0
2323,中環,2018-05-23,0.0,Investment_Trust,1900000.0
2323,中環,2018-05-24,0.0,Dealer_Hedging,0.0
2323,中環,2018-05-24,296000.0,Dealer_self,268000.0
2323,中環,2018-05-24,0.0,Foreign_Dealer_Self,0.0
2323,中環,2018-05-24,3397000.0,Foreign_Investor,3240000.0
2323,中環,2018-05-24,0.0,Investment_Trust,0.0
2323,中環,2018-05-25,0.0,Dealer_Hedging,0.0
2323,中環,2018-05-25,545000.0,Dealer_self,14000.0
2323,中環,2018-05-25,0.0,Foreign_Dealer_Self,0.0
2323,中環,2018-05-25,3033000.0,Foreign_Investor,820000.0
2323,中環,2018-05-25,0.0,Investment_Trust,1055000.0
2323,中環,2018-05-28,0.0,Dealer_Hedging,0.0
2323,中環,2018-05-28,2023000.0,Dealer_self,867000.0
2323,中環,2018-05-28,0.0,Foreign_Dealer_Self,0.0
2323,中環,2018-05-28,3652000.0,Foreign_Investor,5143000.0
2323,中環,2018-05-28,0.0,Investment_Trust,2000000.0
2323,中環,2018-05-29,0.0,Dealer_Hedging,0.0
2323,中環,2018-05-29,2004000.0,Dealer_self,427000.0
2323,中環,2018-05-29,0.0,Foreign_Dealer_Self,0.0
2323,中環,2018-05-29,1325000.0,Foreign_Investor,4603000.0
2323,中環,2018-05-29,0.0,Investment_Trust,500000.0
2323,中環,2018-05-30,0.0,Dealer_Hedging,0.0
2323,中環,2018-05-30,2242000.0,Dealer_self,1515000.0
2323,中環,2018-05-30,0.0,Foreign_Dealer_Self,0.0
2323,中環,2018-05-30,5401000.0,Foreign_Investor,5128000.0
2323,中環,2018-05-30,0.0,Investment_Trust,2400000.0
2323,中環,2018-05-31,0.0,Dealer_Hedging,0.0
2323,中環,2018-05-31,1603000.0,Dealer_self,771000.0
2323,中環,2018-05-31,0.0,Foreign_Dealer_Self,0.0
2323,中環,2018-05-31,15855000.0,Foreign_Investor,9149765.0
2323,中環,2018-05-31,0.0,Investment_Trust,3700000.0
2323,中環,2018-06-01,4000.0,Dealer_Hedging,0.0
2323,中環,2018-06-01,3711000.0,Dealer_self,455000.0
2323,中環,2018-06-01,0.0,Foreign_Dealer_Self,0.0
2323,中環,2018-06-01,3191000.0,Foreign_Investor,7794000.0
2323,中環,2018-06-01,0.0,Investment_Trust,0.0
2323,中環,2018-06-04,0.0,Dealer_Hedging,0.0
2323,中環,2018-06-04,1142000.0,Dealer_self,3023000.0
2323,中環,2018-06-04,0.0,Foreign_Dealer_Self,0.0
2323,中環,2018-06-04,14174000.0,Foreign_Investor,723000.0
2323,中環,2018-06-04,0.0,Investment_Trust,0.0
2323,中環,2018-06-05,4000.0,Dealer_Hedging,8000.0
2323,中環,2018-06-05,3601000.0,Dealer_self,2177000.0
2323,中環,2018-06-05,0.0,Foreign_Dealer_Self,0.0
2323,中環,2018-06-05,8089000.0,Foreign_Investor,3620000.0
2323,中環,2018-06-05,0.0,Investment_Trust,0.0
2323,中環,2018-06-06,0.0,Dealer_Hedging,0.0
2323,中環,2018-06-06,2196000.0,Dealer_self,510000.0
2323,中環,2018-06-06,0.0,Foreign_Dealer_Self,0.0
2323,中環,2018-06-06,19262000.0,Foreign_Investor,5685000.0
2323,中環,2018-06-06,0.0,Investment_Trust,1000000.0
2323,中環,2018-06-07,52000.0,Dealer_Hedging,48000.0
2323,中環,2018-06-07,1858000.0,Dealer_self,2922000.0
2323,中環,2018-06-07,0.0,Foreign_Dealer_Self,0.0
2323,中環,2018-06-07,19127000.0,Foreign_Investor,26329000.0
2323,中環,2018-06-07,0.0,Investment_Trust,1000000.0
2323,中環,2018-06-08,40000.0,Dealer_Hedging,8000.0
2323,中環,2018-06-08,2202000.0,Dealer_self,1027000.0
2323,中環,2018-06-08,0.0,Foreign_Dealer_Self,0.0
2323,中環,2018-06-08,8457000.0,Foreign_Investor,6425000.0
2323,中環,2018-06-08,0.0,Investment_Trust,0.0
2323,中環,2018-06-11,98000.0,Dealer_Hedging,0.0
2323,中環,2018-06-11,5671000.0,Dealer_self,194000.0
2323,中環,2018-06-11,0.0,Foreign_Dealer_Self,0.0
2323,中環,2018-06-11,2833000.0,Foreign_Investor,24917000.0
2323,中環,2018-06-11,300000.0,Investment_Trust,0.0
2323,中環,2018-06-12,54000.0,Dealer_Hedging,8000.0
2323,中環,2018-06-12,791000.0,Dealer_self,5449000.0
2323,中環,2018-06-12,0.0,Foreign_Dealer_Self,0.0
2323,中環,2018-06-12,2844000.0,Foreign_Investor,6432000.0
2323,中環,2018-06-12,0.0,Investment_Trust,2000000.0
2323,中環,2018-06-13,0.0,Dealer_Hedging,4000.0
2323,中環,2018-06-13,4888000.0,Dealer_self,7559000.0
2323,中環,2018-06-13,0.0,Foreign_Dealer_Self,0.0
2323,中環,2018-06-13,8791000.0,Foreign_Investor,12625000.0
2323,中環,2018-06-13,0.0,Investment_Trust,3000000.0
2323,中環,2018-06-14,2000.0,Dealer_Hedging,39000.0
2323,中環,2018-06-14,1901000.0,Dealer_self,8497000.0
2323,中環,2018-06-14,0.0,Foreign_Dealer_Self,0.0
2323,中環,2018-06-14,14893000.0,Foreign_Investor,5664000.0
2323,中環,2018-06-14,0.0,Investment_Trust,0.0
2323,中環,2018-06-15,0.0,Dealer_Hedging,2000.0
2323,中環,2018-06-15,2875000.0,Dealer_self,302000.0
2323,中環,2018-06-15,0.0,Foreign_Dealer_Self,0.0
2323,中環,2018-06-15,3427000.0,Foreign_Investor,13982658.0
2323,中環,2018-06-15,0.0,Investment_Trust,0.0
2323,中環,2018-06-19,0.0,Dealer_Hedging,2000.0
2323,中環,2018-06-19,1486000.0,Dealer_self,2256000.0
2323,中環,2018-06-19,0.0,Foreign_Dealer_Self,0.0
2323,中環,2018-06-19,6486000.0,Foreign_Investor,8842000.0
2323,中環,2018-06-19,308000.0,Investment_Trust,0.0
2323,中環,2018-06-20,0.0,Dealer_Hedging,6000.0
2323,中環,2018-06-20,795000.0,Dealer_self,2376000.0
2323,中環,2018-06-20,0.0,Foreign_Dealer_Self,0.0
2323,中環,2018-06-20,13493000.0,Foreign_Investor,12873000.0
2323,中環,2018-06-20,294497.0,Investment_Trust,0.0
2323,中環,2018-06-21,0.0,Dealer_Hedging,0.0
2323,中環,2018-06-21,1281000.0,Dealer_self,3247000.0
2323,中環,2018-06-21,0.0,Foreign_Dealer_Self,0.0
2323,中環,2018-06-21,6435000.0,Foreign_Investor,7785000.0
2323,中環,2018-06-21,0.0,Investment_Trust,0.0
2323,中環,2018-06-22,2000.0,Dealer_Hedging,0.0
2323,中環,2018-06-22,441000.0,Dealer_self,921000.0
2323,中環,2018-06-22,0.0,Foreign_Dealer_Self,0.0
2323,中環,2018-06-22,7488000.0,Foreign_Investor,8319000.0
2323,中環,2018-06-22,0.0,Investment_Trust,0.0
2323,中環,2018-06-25,6000.0,Dealer_Hedging,18000.0
2323,中環,2018-06-25,4205000.0,Dealer_self,442000.0
2323,中環,2018-06-25,0.0,Foreign_Dealer_Self,0.0
2323,中環,2018-06-25,23260000.0,Foreign_Investor,17715000.0
2323,中環,2018-06-25,761000.0,Investment_Trust,500000.0
2323,中環,2018-06-26,24000.0,Dealer_Hedging,167000.0
2323,中環,2018-06-26,2208000.0,Dealer_self,902000.0
2323,中環,2018-06-26,0.0,Foreign_Dealer_Self,0.0
2323,中環,2018-06-26,35284000.0,Foreign_Investor,55181000.0
2323,中環,2018-06-26,0.0,Investment_Trust,0.0
2323,中環,2018-06-27,2000.0,Dealer_Hedging,0.0
2323,中環,2018-06-27,2233000.0,Dealer_self,2989000.0
2323,中環,2018-06-27,0.0,Foreign_Dealer_Self,0.0
2323,中環,2018-06-27,11388000.0,Foreign_Investor,22522000.0
2323,中環,2018-06-27,0.0,Investment_Trust,0.0
2323,中環,2018-06-28,0.0,Dealer_Hedging,58000.0
2323,中環,2018-06-28,15000.0,Dealer_self,1830000.0
2323,中環,2018-06-28,0.0,Foreign_Dealer_Self,0.0
2323,中環,2018-06-28,7497000.0,Foreign_Investor,16179000.0
2323,中環,2018-06-28,100000.0,Investment_Trust,0.0
2323,中環,2018-06-29,8000.0,Dealer_Hedging,1000.0
2323,中環,2018-06-29,483000.0,Dealer_self,282000.0
2323,中環,2018-06-29,0.0,Foreign_Dealer_Self,0.0
2323,中環,2018-06-29,1816000.0,Foreign_Investor,9836000.0
2323,中環,2018-06-29,0.0,Investment_Trust,0.0
2323,中環,2018-07-02,16000.0,Dealer_Hedging,0.0
2323,中環,2018-07-02,220000.0,Dealer_self,319000.0
2323,中環,2018-07-02,0.0,Foreign_Dealer_Self,0.0
2323,中環,2018-07-02,3299000.0,Foreign_Investor,7258000.0
2323,中環,2018-07-02,0.0,Investment_Trust,700000.0
2323,中環,2018-07-03,8000.0,Dealer_Hedging,0.0
2323,中環,2018-07-03,339000.0,Dealer_self,853000.0
2323,中環,2018-07-03,0.0,Foreign_Dealer_Self,0.0
2323,中環,2018-07-03,7600000.0,Foreign_Investor,10476000.0
2323,中環,2018-07-03,0.0,Investment_Trust,1049000.0
2323,中環,2018-07-04,0.0,Dealer_Hedging,2000.0
2323,中環,2018-07-04,1217000.0,Dealer_self,2375000.0
2323,中環,2018-07-04,0.0,Foreign_Dealer_Self,0.0
2323,中環,2018-07-04,11408000.0,Foreign_Investor,14232000.0
2323,中環,2018-07-04,0.0,Investment_Trust,0.0
2323,中環,2018-07-05,73000.0,Dealer_Hedging,0.0
2323,中環,2018-07-05,3981000.0,Dealer_self,312000.0
2323,中環,2018-07-05,0.0,Foreign_Dealer_Self,0.0
2323,中環,2018-07-05,4384000.0,Foreign_Investor,16367000.0
2323,中環,2018-07-05,0.0,Investment_Trust,0.0
2323,中環,2018-07-06,12000.0,Dealer_Hedging,0.0
2323,中環,2018-07-06,1012000.0,Dealer_self,2085000.0
2323,中環,2018-07-06,0.0,Foreign_Dealer_Self,0.0
2323,中環,2018-07-06,9644000.0,Foreign_Investor,10673000.0
2323,中環,2018-07-06,0.0,Investment_Trust,0.0
2323,中環,2018-07-09,2000.0,Dealer_Hedging,0.0
2323,中環,2018-07-09,244000.0,Dealer_self,469000.0
2323,中環,2018-07-09,0.0,Foreign_Dealer_Self,0.0
2323,中環,2018-07-09,8670000.0,Foreign_Investor,4367000.0
2323,中環,2018-07-09,0.0,Investment_Trust,0.0
2323,中環,2018-07-10,34000.0,Dealer_Hedging,0.0
2323,中環,2018-07-10,1401000.0,Dealer_self,1936000.0
2323,中環,2018-07-10,0.0,Foreign_Dealer_Self,0.0
2323,中環,2018-07-10,6666000.0,Foreign_Investor,16546000.0
2323,中環,2018-07-10,0.0,Investment_Trust,0.0
2323,中環,2018-07-11,4000.0,Dealer_Hedging,0.0
2323,中環,2018-07-11,695000.0,Dealer_self,2389000.0
2323,中環,2018-07-11,0.0,Foreign_Dealer_Self,0.0
2323,中環,2018-07-11,1622000.0,Foreign_Investor,20886000.0
2323,中環,2018-07-11,0.0,Investment_Trust,0.0
2323,中環,2018-07-12,200000.0,Dealer_Hedging,19832.0
2323,中環,2018-07-12,184000.0,Dealer_self,371000.0
2323,中環,2018-07-12,0.0,Foreign_Dealer_Self,0.0
2323,中環,2018-07-12,1181000.0,Foreign_Investor,5350000.0
2323,中環,2018-07-12,0.0,Investment_Trust,0.0
2323,中環,2018-07-13,0.0,Dealer_Hedging,0.0
2323,中環,2018-07-13,244000.0,Dealer_self,824000.0
2323,中環,2018-07-13,0.0,Foreign_Dealer_Self,0.0
2323,中環,2018-07-13,2862000.0,Foreign_Investor,3802000.0
2323,中環,2018-07-13,0.0,Investment_Trust,0.0
2323,中環,2018-07-16,4000.0,Dealer_Hedging,0.0
2323,中環,2018-07-16,1511000.0,Dealer_self,18000.0
2323,中環,2018-07-16,0.0,Foreign_Dealer_Self,0.0
2323,中環,2018-07-16,2579000.0,Foreign_Investor,6038000.0
2323,中環,2018-07-16,0.0,Investment_Trust,0.0
2323,中環,2018-07-17,0.0,Dealer_Hedging,2000.0
2323,中環,2018-07-17,586000.0,Dealer_self,298000.0
2323,中環,2018-07-17,0.0,Foreign_Dealer_Self,0.0
2323,中環,2018-07-17,1241000.0,Foreign_Investor,4028000.0
2323,中環,2018-07-17,0.0,Investment_Trust,0.0
2323,中環,2018-07-18,0.0,Dealer_Hedging,4000.0
2323,中環,2018-07-18,1157000.0,Dealer_self,805000.0
2323,中環,2018-07-18,0.0,Foreign_Dealer_Self,0.0
2323,中環,2018-07-18,4854000.0,Foreign_Investor,3066000.0
2323,中環,2018-07-18,0.0,Investment_Trust,0.0
2323,中環,2018-07-19,2000.0,Dealer_Hedging,0.0
2323,中環,2018-07-19,90000.0,Dealer_self,1558000.0
2323,中環,2018-07-19,0.0,Foreign_Dealer_Self,0.0
2323,中環,2018-07-19,5561000.0,Foreign_Investor,9087000.0
2323,中環,2018-07-19,0.0,Investment_Trust,0.0
2323,中環,2018-07-20,0.0,Dealer_Hedging,0.0
2323,中環,2018-07-20,80000.0,Dealer_self,1217000.0
2323,中環,2018-07-20,0.0,Foreign_Dealer_Self,0.0
2323,中環,2018-07-20,7730600.0,Foreign_Investor,5592000.0
2323,中環,2018-07-20,0.0,Investment_Trust,0.0
2323,中環,2018-07-23,0.0,Dealer_Hedging,0.0
2323,中環,2018-07-23,364000.0,Dealer_self,1012000.0
2323,中環,2018-07-23,0.0,Foreign_Dealer_Self,0.0
2323,中環,2018-07-23,21733000.0,Foreign_Investor,3629000.0
2323,中環,2018-07-23,0.0,Investment_Trust,0.0
2323,中環,2018-07-24,0.0,Dealer_Hedging,0.0
2323,中環,2018-07-24,192000.0,Dealer_self,868000.0
2323,中環,2018-07-24,0.0,Foreign_Dealer_Self,0.0
2323,中環,2018-07-24,11648000.0,Foreign_Investor,13231000.0
2323,中環,2018-07-24,0.0,Investment_Trust,0.0
2323,中環,2018-07-25,0.0,Dealer_Hedging,0.0
2323,中環,2018-07-25,70000.0,Dealer_self,171000.0
2323,中環,2018-07-25,0.0,Foreign_Dealer_Self,0.0
2323,中環,2018-07-25,2452000.0,Foreign_Investor,15409000.0
2323,中環,2018-07-25,0.0,Investment_Trust,0.0
2323,中環,2018-07-26,2000.0,Dealer_Hedging,18000.0
2323,中環,2018-07-26,14000.0,Dealer_self,126000.0
2323,中環,2018-07-26,0.0,Foreign_Dealer_Self,0.0
2323,中環,2018-07-26,2247000.0,Foreign_Investor,3573000.0
2323,中環,2018-07-26,0.0,Investment_Trust,0.0
2323,中環,2018-07-27,0.0,Dealer_Hedging,2000.0
2323,中環,2018-07-27,52000.0,Dealer_self,366000.0
2323,中環,2018-07-27,0.0,Foreign_Dealer_Self,0.0
2323,中環,2018-07-27,4005000.0,Foreign_Investor,5083000.0
2323,中環,2018-07-27,0.0,Investment_Trust,0.0
2323,中環,2018-07-30,0.0,Dealer_Hedging,0.0
2323,中環,2018-07-30,86000.0,Dealer_self,300000.0
2323,中環,2018-07-30,0.0,Foreign_Dealer_Self,0.0
2323,中環,2018-07-30,1155000.0,Foreign_Investor,2206000.0
2323,中環,2018-07-30,0.0,Investment_Trust,0.0
2323,中環,2018-07-31,0.0,Dealer_Hedging,0.0
2323,中環,2018-07-31,45000.0,Dealer_self,164000.0
2323,中環,2018-07-31,0.0,Foreign_Dealer_Self,0.0
2323,中環,2018-07-31,2941000.0,Foreign_Investor,1224000.0
2323,中環,2018-07-31,0.0,Investment_Trust,0.0
2323,中環,2018-08-01,0.0,Dealer_Hedging,0.0
2323,中環,2018-08-01,814000.0,Dealer_self,30000.0
2323,中環,2018-08-01,0.0,Foreign_Dealer_Self,0.0
2323,中環,2018-08-01,5561000.0,Foreign_Investor,1683000.0
2323,中環,2018-08-01,0.0,Investment_Trust,0.0
2323,中環,2018-08-02,0.0,Dealer_Hedging,0.0
2323,中環,2018-08-02,1142000.0,Dealer_self,237000.0
2323,中環,2018-08-02,0.0,Foreign_Dealer_Self,0.0
2323,中環,2018-08-02,710000.0,Foreign_Investor,6993000.0
2323,中環,2018-08-02,0.0,Investment_Trust,0.0
2323,中環,2018-08-03,0.0,Dealer_Hedging,0.0
2323,中環,2018-08-03,221000.0,Dealer_self,284000.0
2323,中環,2018-08-03,0.0,Foreign_Dealer_Self,0.0
2323,中環,2018-08-03,6017000.0,Foreign_Investor,3630000.0
2323,中環,2018-08-03,0.0,Investment_Trust,0.0
2323,中環,2018-08-06,0.0,Dealer_Hedging,0.0
2323,中環,2018-08-06,118000.0,Dealer_self,34000.0
2323,中環,2018-08-06,0.0,Foreign_Dealer_Self,0.0
2323,中環,2018-08-06,1399000.0,Foreign_Investor,4649000.0
2323,中環,2018-08-06,0.0,Investment_Trust,0.0
2323,中環,2018-08-07,0.0,Dealer_Hedging,0.0
2323,中環,2018-08-07,211000.0,Dealer_self,54000.0
2323,中環,2018-08-07,0.0,Foreign_Dealer_Self,0.0
2323,中環,2018-08-07,2424000.0,Foreign_Investor,4192000.0
2323,中環,2018-08-07,0.0,Investment_Trust,0.0
2323,中環,2018-08-08,0.0,Dealer_Hedging,0.0
2323,中環,2018-08-08,221000.0,Dealer_self,10000.0
2323,中環,2018-08-08,0.0,Foreign_Dealer_Self,0.0
2323,中環,2018-08-08,3956000.0,Foreign_Investor,3346000.0
2323,中環,2018-08-08,0.0,Investment_Trust,0.0
2323,中環,2018-08-09,0.0,Dealer_Hedging,2000.0
2323,中環,2018-08-09,52000.0,Dealer_self,32000.0
2323,中環,2018-08-09,0.0,Foreign_Dealer_Self,0.0
2323,中環,2018-08-09,1231000.0,Foreign_Investor,2572000.0
2323,中環,2018-08-09,0.0,Investment_Trust,0.0
2323,中環,2018-08-10,2000.0,Dealer_Hedging,89000.0
2323,中環,2018-08-10,50000.0,Dealer_self,1449000.0
2323,中環,2018-08-10,0.0,Foreign_Dealer_Self,0.0
2323,中環,2018-08-10,5619000.0,Foreign_Investor,3638503.0
2323,中環,2018-08-10,0.0,Investment_Trust,0.0
2323,中環,2018-08-13,18000.0,Dealer_Hedging,10000.0
2323,中環,2018-08-13,985000.0,Dealer_self,1392000.0
2323,中環,2018-08-13,0.0,Foreign_Dealer_Self,0.0
2323,中環,2018-08-13,19968000.0,Foreign_Investor,6431000.0
2323,中環,2018-08-13,0.0,Investment_Trust,0.0
2323,中環,2018-08-14,2000.0,Dealer_Hedging,18000.0
2323,中環,2018-08-14,319000.0,Dealer_self,968000.0
2323,中環,2018-08-14,0.0,Foreign_Dealer_Self,0.0
2323,中環,2018-08-14,4729000.0,Foreign_Investor,6922000.0
2323,中環,2018-08-14,0.0,Investment_Trust,0.0
2323,中環,2018-08-15,0.0,Dealer_Hedging,0.0
2323,中環,2018-08-15,1808000.0,Dealer_self,869000.0
2323,中環,2018-08-15,0.0,Foreign_Dealer_Self,0.0
2323,中環,2018-08-15,9303000.0,Foreign_Investor,4545000.0
2323,中環,2018-08-15,0.0,Investment_Trust,0.0
2323,中環,2018-08-16,0.0,Dealer_Hedging,18000.0
2323,中環,2018-08-16,15000.0,Dealer_self,1403000.0
2323,中環,2018-08-16,0.0,Foreign_Dealer_Self,0.0
2323,中環,2018-08-16,6197000.0,Foreign_Investor,12774000.0
2323,中環,2018-08-16,0.0,Investment_Trust,0.0
2323,中環,2018-08-17,0.0,Dealer_Hedging,18000.0
2323,中環,2018-08-17,110000.0,Dealer_self,559000.0
2323,中環,2018-08-17,0.0,Foreign_Dealer_Self,0.0
2323,中環,2018-08-17,4401000.0,Foreign_Investor,13957000.0
2323,中環,2018-08-17,0.0,Investment_Trust,0.0
2323,中環,2018-08-20,10000.0,Dealer_Hedging,2000.0
2323,中環,2018-08-20,40000.0,Dealer_self,518000.0
2323,中環,2018-08-20,0.0,Foreign_Dealer_Self,0.0
2323,中環,2018-08-20,3394000.0,Foreign_Investor,3066000.0
2323,中環,2018-08-20,0.0,Investment_Trust,0.0
2323,中環,2018-08-21,0.0,Dealer_Hedging,0.0
2323,中環,2018-08-21,104000.0,Dealer_self,2000.0
2323,中環,2018-08-21,0.0,Foreign_Dealer_Self,0.0
2323,中環,2018-08-21,755000.0,Foreign_Investor,2419000.0
2323,中環,2018-08-21,0.0,Investment_Trust,0.0
2323,中環,2018-08-22,2000.0,Dealer_Hedging,0.0
2323,中環,2018-08-22,250000.0,Dealer_self,484000.0
2323,中環,2018-08-22,0.0,Foreign_Dealer_Self,0.0
2323,中環,2018-08-22,3269000.0,Foreign_Investor,6070000.0
2323,中環,2018-08-22,0.0,Investment_Trust,0.0
2323,中環,2018-08-23,0.0,Dealer_Hedging,0.0
2323,中環,2018-08-23,30000.0,Dealer_self,274000.0
2323,中環,2018-08-23,0.0,Foreign_Dealer_Self,0.0
2323,中環,2018-08-23,1200307.0,Foreign_Investor,4876000.0
2323,中環,2018-08-23,0.0,Investment_Trust,0.0
2323,中環,2018-08-24,0.0,Dealer_Hedging,0.0
2323,中環,2018-08-24,42000.0,Dealer_self,199000.0
2323,中環,2018-08-24,0.0,Foreign_Dealer_Self,0.0
2323,中環,2018-08-24,2025000.0,Foreign_Investor,3464000.0
2323,中環,2018-08-24,0.0,Investment_Trust,0.0
2323,中環,2018-08-27,2000.0,Dealer_Hedging,0.0
2323,中環,2018-08-27,110000.0,Dealer_self,0.0
2323,中環,2018-08-27,0.0,Foreign_Dealer_Self,0.0
2323,中環,2018-08-27,6223000.0,Foreign_Investor,400000.0
2323,中環,2018-08-27,0.0,Investment_Trust,0.0
2323,中環,2018-08-28,0.0,Dealer_Hedging,14000.0
2323,中環,2018-08-28,57000.0,Dealer_self,518000.0
2323,中環,2018-08-28,0.0,Foreign_Dealer_Self,0.0
2323,中環,2018-08-28,1971000.0,Foreign_Investor,7071000.0
2323,中環,2018-08-28,0.0,Investment_Trust,0.0
2323,中環,2018-08-29,0.0,Dealer_Hedging,0.0
2323,中環,2018-08-29,0.0,Dealer_self,88000.0
2323,中環,2018-08-29,0.0,Foreign_Dealer_Self,0.0
2323,中環,2018-08-29,4353000.0,Foreign_Investor,267000.0
2323,中環,2018-08-29,0.0,Investment_Trust,0.0
2323,中環,2018-08-30,0.0,Dealer_Hedging,0.0
2323,中環,2018-08-30,1000.0,Dealer_self,775000.0
2323,中環,2018-08-30,0.0,Foreign_Dealer_Self,0.0
2323,中環,2018-08-30,2478000.0,Foreign_Investor,1055000.0
2323,中環,2018-08-30,0.0,Investment_Trust,0.0
2323,中環,2018-08-31,0.0,Dealer_Hedging,0.0
2323,中環,2018-08-31,50000.0,Dealer_self,86000.0
2323,中環,2018-08-31,0.0,Foreign_Dealer_Self,0.0
2323,中環,2018-08-31,6259100.0,Foreign_Investor,2234000.0
2323,中環,2018-08-31,0.0,Investment_Trust,0.0
2323,中環,2018-09-03,19000.0,Dealer_Hedging,20000.0
2323,中環,2018-09-03,369000.0,Dealer_self,17000.0
2323,中環,2018-09-03,0.0,Foreign_Dealer_Self,0.0
2323,中環,2018-09-03,985000.0,Foreign_Investor,9802000.0
2323,中環,2018-09-03,0.0,Investment_Trust,0.0
2323,中環,2018-09-04,0.0,Dealer_Hedging,0.0
2323,中環,2018-09-04,78000.0,Dealer_self,0.0
2323,中環,2018-09-04,0.0,Foreign_Dealer_Self,0.0
2323,中環,2018-09-04,4503000.0,Foreign_Investor,2433000.0
2323,中環,2018-09-04,0.0,Investment_Trust,0.0
2323,中環,2018-09-05,0.0,Dealer_Hedging,0.0
2323,中環,2018-09-05,60000.0,Dealer_self,167000.0
2323,中環,2018-09-05,0.0,Foreign_Dealer_Self,0.0
2323,中環,2018-09-05,3433000.0,Foreign_Investor,3509715.0
2323,中環,2018-09-05,0.0,Investment_Trust,0.0
2323,中環,2018-09-06,0.0,Dealer_Hedging,0.0
2323,中環,2018-09-06,109000.0,Dealer_self,64000.0
2323,中環,2018-09-06,0.0,Foreign_Dealer_Self,0.0
2323,中環,2018-09-06,1017000.0,Foreign_Investor,3796000.0
2323,中環,2018-09-06,0.0,Investment_Trust,0.0
2323,中環,2018-09-07,4000.0,Dealer_Hedging,0.0
2323,中環,2018-09-07,88000.0,Dealer_self,144000.0
2323,中環,2018-09-07,0.0,Foreign_Dealer_Self,0.0
2323,中環,2018-09-07,895000.0,Foreign_Investor,3756000.0
2323,中環,2018-09-07,0.0,Investment_Trust,14497.0
2323,中環,2018-09-10,8000.0,Dealer_Hedging,0.0
2323,中環,2018-09-10,286000.0,Dealer_self,93000.0
2323,中環,2018-09-10,0.0,Foreign_Dealer_Self,0.0
2323,中環,2018-09-10,4523000.0,Foreign_Investor,1730000.0
2323,中環,2018-09-10,0.0,Investment_Trust,0.0
2323,中環,2018-09-11,4000.0,Dealer_Hedging,0.0
2323,中環,2018-09-11,127000.0,Dealer_self,20000.0
2323,中環,2018-09-11,0.0,Foreign_Dealer_Self,0.0
2323,中環,2018-09-11,7459000.0,Foreign_Investor,854000.0
2323,中環,2018-09-11,0.0,Investment_Trust,0.0
2323,中環,2018-09-12,0.0,Dealer_Hedging,0.0
2323,中環,2018-09-12,226000.0,Dealer_self,136000.0
2323,中環,2018-09-12,0.0,Foreign_Dealer_Self,0.0
2323,中環,2018-09-12,1323000.0,Foreign_Investor,8605000.0
2323,中環,2018-09-12,0.0,Investment_Trust,0.0
2323,中環,2018-09-13,0.0,Dealer_Hedging,0.0
2323,中環,2018-09-13,9000.0,Dealer_self,12000.0
2323,中環,2018-09-13,0.0,Foreign_Dealer_Self,0.0
2323,中環,2018-09-13,1320000.0,Foreign_Investor,2215000.0
2323,中環,2018-09-13,0.0,Investment_Trust,0.0
2323,中環,2018-09-14,0.0,Dealer_Hedging,0.0
2323,中環,2018-09-14,4000.0,Dealer_self,140000.0
2323,中環,2018-09-14,0.0,Foreign_Dealer_Self,0.0
2323,中環,2018-09-14,7136000.0,Foreign_Investor,1100000.0
2323,中環,2018-09-14,0.0,Investment_Trust,0.0
2323,中環,2018-09-17,0.0,Dealer_Hedging,1000.0
2323,中環,2018-09-17,190000.0,Dealer_self,27000.0
2323,中環,2018-09-17,0.0,Foreign_Dealer_Self,0.0
2323,中環,2018-09-17,843000.0,Foreign_Investor,4233000.0
2323,中環,2018-09-17,0.0,Investment_Trust,0.0
2323,中環,2018-09-18,0.0,Dealer_Hedging,0.0
2323,中環,2018-09-18,90000.0,Dealer_self,12000.0
2323,中環,2018-09-18,0.0,Foreign_Dealer_Self,0.0
2323,中環,2018-09-18,544000.0,Foreign_Investor,8042000.0
2323,中環,2018-09-18,0.0,Investment_Trust,0.0
2323,中環,2018-09-19,0.0,Dealer_Hedging,0.0
2323,中環,2018-09-19,2263000.0,Dealer_self,70000.0
2323,中環,2018-09-19,0.0,Foreign_Dealer_Self,0.0
2323,中環,2018-09-19,3691000.0,Foreign_Investor,8310000.0
2323,中環,2018-09-19,0.0,Investment_Trust,0.0
2323,中環,2018-09-20,0.0,Dealer_Hedging,0.0
2323,中環,2018-09-20,65000.0,Dealer_self,264000.0
2323,中環,2018-09-20,0.0,Foreign_Dealer_Self,0.0
2323,中環,2018-09-20,3030000.0,Foreign_Investor,10114000.0
2323,中環,2018-09-20,0.0,Investment_Trust,0.0
2323,中環,2018-09-21,0.0,Dealer_Hedging,0.0
2323,中環,2018-09-21,136000.0,Dealer_self,362000.0
2323,中環,2018-09-21,0.0,Foreign_Dealer_Self,0.0
2323,中環,2018-09-21,5205000.0,Foreign_Investor,2058000.0
2323,中環,2018-09-21,0.0,Investment_Trust,0.0
2323,中環,2018-09-25,0.0,Dealer_Hedging,0.0
2323,中環,2018-09-25,680000.0,Dealer_self,970000.0
2323,中環,2018-09-25,0.0,Foreign_Dealer_Self,0.0
2323,中環,2018-09-25,7568000.0,Foreign_Investor,10291000.0
2323,中環,2018-09-25,0.0,Investment_Trust,0.0
2323,中環,2018-09-26,0.0,Dealer_Hedging,0.0
2323,中環,2018-09-26,86000.0,Dealer_self,130000.0
2323,中環,2018-09-26,0.0,Foreign_Dealer_Self,0.0
2323,中環,2018-09-26,5683000.0,Foreign_Investor,2862000.0
2323,中環,2018-09-26,0.0,Investment_Trust,0.0
2323,中環,2018-09-27,0.0,Dealer_Hedging,0.0
2323,中環,2018-09-27,140000.0,Dealer_self,74000.0
2323,中環,2018-09-27,0.0,Foreign_Dealer_Self,0.0
2323,中環,2018-09-27,2399000.0,Foreign_Investor,3976000.0
2323,中環,2018-09-27,0.0,Investment_Trust,0.0
2323,中環,2018-09-28,0.0,Dealer_Hedging,0.0
2323,中環,2018-09-28,48000.0,Dealer_self,240000.0
2323,中環,2018-09-28,0.0,Foreign_Dealer_Self,0.0
2323,中環,2018-09-28,2384000.0,Foreign_Investor,2972000.0
2323,中環,2018-09-28,0.0,Investment_Trust,0.0
2323,中環,2018-10-01,0.0,Dealer_Hedging,0.0
2323,中環,2018-10-01,10000.0,Dealer_self,31000.0
2323,中環,2018-10-01,0.0,Foreign_Dealer_Self,0.0
2323,中環,2018-10-01,1905000.0,Foreign_Investor,1001000.0
2323,中環,2018-10-01,0.0,Investment_Trust,0.0
2323,中環,2018-10-02,0.0,Dealer_Hedging,0.0
2323,中環,2018-10-02,10000.0,Dealer_self,145000.0
2323,中環,2018-10-02,0.0,Foreign_Dealer_Self,0.0
2323,中環,2018-10-02,1181000.0,Foreign_Investor,1499000.0
2323,中環,2018-10-02,0.0,Investment_Trust,0.0
2323,中環,2018-10-03,0.0,Dealer_Hedging,0.0
2323,中環,2018-10-03,297000.0,Dealer_self,44000.0
2323,中環,2018-10-03,0.0,Foreign_Dealer_Self,0.0
2323,中環,2018-10-03,1112000.0,Foreign_Investor,3891000.0
2323,中環,2018-10-03,0.0,Investment_Trust,0.0
2323,中環,2018-10-04,0.0,Dealer_Hedging,0.0
2323,中環,2018-10-04,276000.0,Dealer_self,147000.0
2323,中環,2018-10-04,0.0,Foreign_Dealer_Self,0.0
2323,中環,2018-10-04,3173000.0,Foreign_Investor,1905000.0
2323,中環,2018-10-04,0.0,Investment_Trust,0.0
2323,中環,2018-10-05,0.0,Dealer_Hedging,0.0
2323,中環,2018-10-05,373000.0,Dealer_self,527000.0
2323,中環,2018-10-05,0.0,Foreign_Dealer_Self,0.0
2323,中環,2018-10-05,1988000.0,Foreign_Investor,5777000.0
2323,中環,2018-10-05,0.0,Investment_Trust,0.0
2323,中環,2018-10-08,2000.0,Dealer_Hedging,17000.0
2323,中環,2018-10-08,312000.0,Dealer_self,956000.0
2323,中環,2018-10-08,0.0,Foreign_Dealer_Self,0.0
2323,中環,2018-10-08,1976000.0,Foreign_Investor,2442000.0
2323,中環,2018-10-08,0.0,Investment_Trust,0.0
2323,中環,2018-10-09,2000.0,Dealer_Hedging,0.0
2323,中環,2018-10-09,174000.0,Dealer_self,674000.0
2323,中環,2018-10-09,0.0,Foreign_Dealer_Self,0.0
2323,中環,2018-10-09,997000.0,Foreign_Investor,7508000.0
2323,中環,2018-10-09,0.0,Investment_Trust,0.0
2323,中環,2018-10-11,4000.0,Dealer_Hedging,0.0
2323,中環,2018-10-11,108000.0,Dealer_self,433000.0
2323,中環,2018-10-11,0.0,Foreign_Dealer_Self,0.0
2323,中環,2018-10-11,2244000.0,Foreign_Investor,1719000.0
2323,中環,2018-10-11,0.0,Investment_Trust,0.0
2323,中環,2018-10-12,0.0,Dealer_Hedging,0.0
2323,中環,2018-10-12,34000.0,Dealer_self,630000.0
2323,中環,2018-10-12,0.0,Foreign_Dealer_Self,0.0
2323,中環,2018-10-12,3532000.0,Foreign_Investor,4435000.0
2323,中環,2018-10-12,0.0,Investment_Trust,0.0
2323,中環,2018-10-15,0.0,Dealer_Hedging,0.0
2323,中環,2018-10-15,96000.0,Dealer_self,142000.0
2323,中環,2018-10-15,0.0,Foreign_Dealer_Self,0.0
2323,中環,2018-10-15,972000.0,Foreign_Investor,2240000.0
2323,中環,2018-10-15,0.0,Investment_Trust,0.0
2323,中環,2018-10-16,0.0,Dealer_Hedging,0.0
2323,中環,2018-10-16,194000.0,Dealer_self,178000.0
2323,中環,2018-10-16,0.0,Foreign_Dealer_Self,0.0
2323,中環,2018-10-16,2705715.0,Foreign_Investor,2979830.0
2323,中環,2018-10-16,0.0,Investment_Trust,0.0
2323,中環,2018-10-17,0.0,Dealer_Hedging,0.0
2323,中環,2018-10-17,3825000.0,Dealer_self,452000.0
2323,中環,2018-10-17,0.0,Foreign_Dealer_Self,0.0
2323,中環,2018-10-17,458000.0,Foreign_Investor,1076000.0
2323,中環,2018-10-17,0.0,Investment_Trust,0.0
2323,中環,2018-10-18,0.0,Dealer_Hedging,46000.0
2323,中環,2018-10-18,130000.0,Dealer_self,756000.0
2323,中環,2018-10-18,0.0,Foreign_Dealer_Self,0.0
2323,中環,2018-10-18,703000.0,Foreign_Investor,1293000.0
2323,中環,2018-10-18,0.0,Investment_Trust,0.0
2323,中環,2018-10-19,0.0,Dealer_Hedging,22000.0
2323,中環,2018-10-19,3000.0,Dealer_self,1288000.0
2323,中環,2018-10-19,0.0,Foreign_Dealer_Self,0.0
2323,中環,2018-10-19,2482000.0,Foreign_Investor,1842700.0
2323,中環,2018-10-19,0.0,Investment_Trust,0.0
2323,中環,2018-10-22,0.0,Dealer_Hedging,153000.0
2323,中環,2018-10-22,0.0,Dealer_self,586000.0
2323,中環,2018-10-22,0.0,Foreign_Dealer_Self,0.0
2323,中環,2018-10-22,2751000.0,Foreign_Investor,3326000.0
2323,中環,2018-10-22,0.0,Investment_Trust,0.0
2323,中環,2018-10-23,0.0,Dealer_Hedging,12000.0
2323,中環,2018-10-23,1000.0,Dealer_self,14000.0
2323,中環,2018-10-23,0.0,Foreign_Dealer_Self,0.0
2323,中環,2018-10-23,660000.0,Foreign_Investor,3429000.0
2323,中環,2018-10-23,0.0,Investment_Trust,0.0
2323,中環,2018-10-24,0.0,Dealer_Hedging,7000.0
2323,中環,2018-10-24,0.0,Dealer_self,61000.0
2323,中環,2018-10-24,0.0,Foreign_Dealer_Self,0.0
2323,中環,2018-10-24,3183000.0,Foreign_Investor,1214000.0
2323,中環,2018-10-24,0.0,Investment_Trust,0.0
2323,中環,2018-10-25,0.0,Dealer_Hedging,21000.0
2323,中環,2018-10-25,1000.0,Dealer_self,190000.0
2323,中環,2018-10-25,0.0,Foreign_Dealer_Self,0.0
2323,中環,2018-10-25,1347000.0,Foreign_Investor,5763000.0
2323,中環,2018-10-25,0.0,Investment_Trust,0.0
2323,中環,2018-10-26,0.0,Dealer_Hedging,6000.0
2323,中環,2018-10-26,36000.0,Dealer_self,153000.0
2323,中環,2018-10-26,0.0,Foreign_Dealer_Self,0.0
2323,中環,2018-10-26,2489000.0,Foreign_Investor,4817000.0
2323,中環,2018-10-26,0.0,Investment_Trust,0.0
2323,中環,2018-10-29,0.0,Dealer_Hedging,18000.0
2323,中環,2018-10-29,14000.0,Dealer_self,150000.0
2323,中環,2018-10-29,0.0,Foreign_Dealer_Self,0.0
2323,中環,2018-10-29,6489000.0,Foreign_Investor,1419000.0
2323,中環,2018-10-29,0.0,Investment_Trust,0.0
2323,中環,2018-10-30,0.0,Dealer_Hedging,0.0
2323,中環,2018-10-30,19000.0,Dealer_self,22000.0
2323,中環,2018-10-30,0.0,Foreign_Dealer_Self,0.0
2323,中環,2018-10-30,1037000.0,Foreign_Investor,1637000.0
2323,中環,2018-10-30,0.0,Investment_Trust,0.0
2323,中環,2018-10-31,0.0,Dealer_Hedging,0.0
2323,中環,2018-10-31,37000.0,Dealer_self,84000.0
2323,中環,2018-10-31,0.0,Foreign_Dealer_Self,0.0
2323,中環,2018-10-31,4850000.0,Foreign_Investor,1649000.0
2323,中環,2018-10-31,0.0,Investment_Trust,0.0
2323,中環,2018-11-01,2000.0,Dealer_Hedging,6000.0
2323,中環,2018-11-01,86000.0,Dealer_self,39000.0
2323,中環,2018-11-01,0.0,Foreign_Dealer_Self,0.0
2323,中環,2018-11-01,1585000.0,Foreign_Investor,2053000.0
2323,中環,2018-11-01,0.0,Investment_Trust,0.0
2323,中環,2018-11-02,2000.0,Dealer_Hedging,2000.0
2323,中環,2018-11-02,113000.0,Dealer_self,132000.0
2323,中環,2018-11-02,0.0,Foreign_Dealer_Self,0.0
2323,中環,2018-11-02,6054000.0,Foreign_Investor,3200000.0
2323,中環,2018-11-02,0.0,Investment_Trust,0.0
2323,中環,2018-11-05,0.0,Dealer_Hedging,16000.0
2323,中環,2018-11-05,65000.0,Dealer_self,216000.0
2323,中環,2018-11-05,0.0,Foreign_Dealer_Self,0.0
2323,中環,2018-11-05,3385000.0,Foreign_Investor,1501000.0
2323,中環,2018-11-05,0.0,Investment_Trust,0.0
2323,中環,2018-11-06,8000.0,Dealer_Hedging,2000.0
2323,中環,2018-11-06,292000.0,Dealer_self,190000.0
2323,中環,2018-11-06,0.0,Foreign_Dealer_Self,0.0
2323,中環,2018-11-06,2946000.0,Foreign_Investor,3356000.0
2323,中環,2018-11-06,0.0,Investment_Trust,0.0
2323,中環,2018-11-07,7000.0,Dealer_Hedging,0.0
2323,中環,2018-11-07,1175000.0,Dealer_self,0.0
2323,中環,2018-11-07,0.0,Foreign_Dealer_Self,0.0
2323,中環,2018-11-07,5863000.0,Foreign_Investor,2818000.0
2323,中環,2018-11-07,0.0,Investment_Trust,0.0
2323,中環,2018-11-08,2000.0,Dealer_Hedging,2000.0
2323,中環,2018-11-08,208000.0,Dealer_self,84000.0
2323,中環,2018-11-08,0.0,Foreign_Dealer_Self,0.0
2323,中環,2018-11-08,6045000.0,Foreign_Investor,1878000.0
2323,中環,2018-11-08,0.0,Investment_Trust,0.0
2323,中環,2018-11-09,0.0,Dealer_Hedging,0.0
2323,中環,2018-11-09,12000.0,Dealer_self,20000.0
2323,中環,2018-11-09,0.0,Foreign_Dealer_Self,0.0
2323,中環,2018-11-09,2161000.0,Foreign_Investor,1610000.0
2323,中環,2018-11-09,0.0,Investment_Trust,0.0
2323,中環,2018-11-12,0.0,Dealer_Hedging,0.0
2323,中環,2018-11-12,306000.0,Dealer_self,2000.0
2323,中環,2018-11-12,0.0,Foreign_Dealer_Self,0.0
2323,中環,2018-11-12,805000.0,Foreign_Investor,994000.0
2323,中環,2018-11-12,0.0,Investment_Trust,0.0
2323,中環,2018-11-13,0.0,Dealer_Hedging,0.0
2323,中環,2018-11-13,52000.0,Dealer_self,26000.0
2323,中環,2018-11-13,0.0,Foreign_Dealer_Self,0.0
2323,中環,2018-11-13,1210000.0,Foreign_Investor,2830967.0
2323,中環,2018-11-13,0.0,Investment_Trust,0.0
2323,中環,2018-11-14,2000.0,Dealer_Hedging,0.0
2323,中環,2018-11-14,166000.0,Dealer_self,174000.0
2323,中環,2018-11-14,0.0,Foreign_Dealer_Self,0.0
2323,中環,2018-11-14,976000.0,Foreign_Investor,1256000.0
2323,中環,2018-11-14,0.0,Investment_Trust,0.0
2323,中環,2018-11-15,8000.0,Dealer_Hedging,4000.0
2323,中環,2018-11-15,1129000.0,Dealer_self,348000.0
2323,中環,2018-11-15,0.0,Foreign_Dealer_Self,0.0
2323,中環,2018-11-15,28582000.0,Foreign_Investor,8334000.0
2323,中環,2018-11-15,0.0,Investment_Trust,0.0
2323,中環,2018-11-16,10000.0,Dealer_Hedging,0.0
2323,中環,2018-11-16,4833000.0,Dealer_self,507000.0
2323,中環,2018-11-16,0.0,Foreign_Dealer_Self,0.0
2323,中環,2018-11-16,12946000.0,Foreign_Investor,14210000.0
2323,中環,2018-11-16,0.0,Investment_Trust,0.0
2323,中環,2018-11-19,0.0,Dealer_Hedging,0.0
2323,中環,2018-11-19,289000.0,Dealer_self,646000.0
2323,中環,2018-11-19,0.0,Foreign_Dealer_Self,0.0
2323,中環,2018-11-19,3474000.0,Foreign_Investor,4981000.0
2323,中環,2018-11-19,0.0,Investment_Trust,0.0
2323,中環,2018-11-20,0.0,Dealer_Hedging,0.0
2323,中環,2018-11-20,231000.0,Dealer_self,204000.0
2323,中環,2018-11-20,0.0,Foreign_Dealer_Self,0.0
2323,中環,2018-11-20,2432000.0,Foreign_Investor,4494000.0
2323,中環,2018-11-20,0.0,Investment_Trust,0.0
2323,中環,2018-11-21,0.0,Dealer_Hedging,0.0
2323,中環,2018-11-21,330000.0,Dealer_self,881000.0
2323,中環,2018-11-21,0.0,Foreign_Dealer_Self,0.0
2323,中環,2018-11-21,7678000.0,Foreign_Investor,6678000.0
2323,中環,2018-11-21,0.0,Investment_Trust,0.0
2323,中環,2018-11-22,0.0,Dealer_Hedging,0.0
2323,中環,2018-11-22,460000.0,Dealer_self,799000.0
2323,中環,2018-11-22,0.0,Foreign_Dealer_Self,0.0
2323,中環,2018-11-22,750000.0,Foreign_Investor,5478000.0
2323,中環,2018-11-22,0.0,Investment_Trust,0.0
2323,中環,2018-11-23,0.0,Dealer_Hedging,0.0
2323,中環,2018-11-23,42000.0,Dealer_self,264000.0
2323,中環,2018-11-23,0.0,Foreign_Dealer_Self,0.0
2323,中環,2018-11-23,2299000.0,Foreign_Investor,1563000.0
2323,中環,2018-11-23,0.0,Investment_Trust,0.0
2323,中環,2018-11-26,0.0,Dealer_Hedging,0.0
2323,中環,2018-11-26,129000.0,Dealer_self,192000.0
2323,中環,2018-11-26,0.0,Foreign_Dealer_Self,0.0
2323,中環,2018-11-26,2027000.0,Foreign_Investor,1925000.0
2323,中環,2018-11-26,0.0,Investment_Trust,0.0
2323,中環,2018-11-27,0.0,Dealer_Hedging,0.0
2323,中環,2018-11-27,748000.0,Dealer_self,5000.0
2323,中環,2018-11-27,0.0,Foreign_Dealer_Self,0.0
2323,中環,2018-11-27,1772000.0,Foreign_Investor,739000.0
2323,中環,2018-11-27,0.0,Investment_Trust,0.0
2323,中環,2018-11-28,2000.0,Dealer_Hedging,0.0
2323,中環,2018-11-28,1625000.0,Dealer_self,86000.0
2323,中環,2018-11-28,0.0,Foreign_Dealer_Self,0.0
2323,中環,2018-11-28,4869000.0,Foreign_Investor,2366000.0
2323,中環,2018-11-28,0.0,Investment_Trust,0.0
2323,中環,2018-11-29,0.0,Dealer_Hedging,0.0
2323,中環,2018-11-29,294000.0,Dealer_self,278000.0
2323,中環,2018-11-29,0.0,Foreign_Dealer_Self,0.0
2323,中環,2018-11-29,6428000.0,Foreign_Investor,5216000.0
2323,中環,2018-11-29,0.0,Investment_Trust,0.0
2323,中環,2018-11-30,40000.0,Dealer_Hedging,0.0
2323,中環,2018-11-30,232000.0,Dealer_self,132000.0
2323,中環,2018-11-30,0.0,Foreign_Dealer_Self,0.0
2323,中環,2018-11-30,5152000.0,Foreign_Investor,15229000.0
2323,中環,2018-11-30,0.0,Investment_Trust,0.0
2323,中環,2018-12-03,0.0,Dealer_Hedging,0.0
2323,中環,2018-12-03,203000.0,Dealer_self,18000.0
2323,中環,2018-12-03,0.0,Foreign_Dealer_Self,0.0
2323,中環,2018-12-03,3940000.0,Foreign_Investor,1630000.0
2323,中環,2018-12-03,0.0,Investment_Trust,0.0
2323,中環,2018-12-04,0.0,Dealer_Hedging,0.0
2323,中環,2018-12-04,88000.0,Dealer_self,442000.0
2323,中環,2018-12-04,0.0,Foreign_Dealer_Self,0.0
2323,中環,2018-12-04,2101000.0,Foreign_Investor,2469000.0
2323,中環,2018-12-04,0.0,Investment_Trust,0.0
2323,中環,2018-12-05,0.0,Dealer_Hedging,0.0
2323,中環,2018-12-05,88000.0,Dealer_self,96000.0
2323,中環,2018-12-05,0.0,Foreign_Dealer_Self,0.0
2323,中環,2018-12-05,1445000.0,Foreign_Investor,5441000.0
2323,中環,2018-12-05,0.0,Investment_Trust,0.0
2323,中環,2018-12-06,0.0,Dealer_Hedging,0.0
2323,中環,2018-12-06,147000.0,Dealer_self,581000.0
2323,中環,2018-12-06,0.0,Foreign_Dealer_Self,0.0
2323,中環,2018-12-06,2621000.0,Foreign_Investor,3508000.0
2323,中環,2018-12-06,0.0,Investment_Trust,0.0
2323,中環,2018-12-07,0.0,Dealer_Hedging,0.0
2323,中環,2018-12-07,2000.0,Dealer_self,230000.0
2323,中環,2018-12-07,0.0,Foreign_Dealer_Self,0.0
2323,中環,2018-12-07,3703000.0,Foreign_Investor,1198000.0
2323,中環,2018-12-07,0.0,Investment_Trust,0.0
2323,中環,2018-12-10,0.0,Dealer_Hedging,0.0
2323,中環,2018-12-10,29000.0,Dealer_self,18000.0
2323,中環,2018-12-10,0.0,Foreign_Dealer_Self,0.0
2323,中環,2018-12-10,782000.0,Foreign_Investor,2096000.0
2323,中環,2018-12-10,0.0,Investment_Trust,0.0
2323,中環,2018-12-11,0.0,Dealer_Hedging,0.0
2323,中環,2018-12-11,4000.0,Dealer_self,12000.0
2323,中環,2018-12-11,0.0,Foreign_Dealer_Self,0.0
2323,中環,2018-12-11,1137000.0,Foreign_Investor,662000.0
2323,中環,2018-12-11,0.0,Investment_Trust,0.0
2323,中環,2018-12-12,0.0,Dealer_Hedging,0.0
2323,中環,2018-12-12,632000.0,Dealer_self,40000.0
2323,中環,2018-12-12,0.0,Foreign_Dealer_Self,0.0
2323,中環,2018-12-12,2821000.0,Foreign_Investor,1201443.0
2323,中環,2018-12-12,0.0,Investment_Trust,0.0
2323,中環,2018-12-13,0.0,Dealer_Hedging,0.0
2323,中環,2018-12-13,56000.0,Dealer_self,0.0
2323,中環,2018-12-13,0.0,Foreign_Dealer_Self,0.0
2323,中環,2018-12-13,2774000.0,Foreign_Investor,2010000.0
2323,中環,2018-12-13,0.0,Investment_Trust,0.0
2323,中環,2018-12-14,0.0,Dealer_Hedging,0.0
2323,中環,2018-12-14,130000.0,Dealer_self,576000.0
2323,中環,2018-12-14,0.0,Foreign_Dealer_Self,0.0
2323,中環,2018-12-14,1557000.0,Foreign_Investor,1172000.0
2323,中環,2018-12-14,0.0,Investment_Trust,0.0
2323,中環,2018-12-17,0.0,Dealer_Hedging,0.0
2323,中環,2018-12-17,654000.0,Dealer_self,670000.0
2323,中環,2018-12-17,0.0,Foreign_Dealer_Self,0.0
2323,中環,2018-12-17,2280000.0,Foreign_Investor,1215000.0
2323,中環,2018-12-17,0.0,Investment_Trust,0.0
2323,中環,2018-12-18,0.0,Dealer_Hedging,0.0
2323,中環,2018-12-18,144000.0,Dealer_self,28000.0
2323,中環,2018-12-18,0.0,Foreign_Dealer_Self,0.0
2323,中環,2018-12-18,1524000.0,Foreign_Investor,3477000.0
2323,中環,2018-12-18,0.0,Investment_Trust,0.0
2323,中環,2018-12-19,326000.0,Dealer_Hedging,0.0
2323,中環,2018-12-19,623000.0,Dealer_self,672000.0
2323,中環,2018-12-19,0.0,Foreign_Dealer_Self,0.0
2323,中環,2018-12-19,4317000.0,Foreign_Investor,1777000.0
2323,中環,2018-12-19,0.0,Investment_Trust,0.0
2323,中環,2018-12-20,0.0,Dealer_Hedging,0.0
2323,中環,2018-12-20,2000.0,Dealer_self,389000.0
2323,中環,2018-12-20,0.0,Foreign_Dealer_Self,0.0
2323,中環,2018-12-20,89000.0,Foreign_Investor,3742000.0
2323,中環,2018-12-20,0.0,Investment_Trust,0.0
2323,中環,2018-12-21,0.0,Dealer_Hedging,0.0
2323,中環,2018-12-21,0.0,Dealer_self,91000.0
2323,中環,2018-12-21,0.0,Foreign_Dealer_Self,0.0
2323,中環,2018-12-21,2466000.0,Foreign_Investor,1646000.0
2323,中環,2018-12-21,0.0,Investment_Trust,0.0
2323,中環,2018-12-22,0.0,Dealer_Hedging,0.0
2323,中環,2018-12-22,22000.0,Dealer_self,67000.0
2323,中環,2018-12-22,0.0,Foreign_Dealer_Self,0.0
2323,中環,2018-12-22,0.0,Foreign_Investor,0.0
2323,中環,2018-12-22,0.0,Investment_Trust,0.0
2323,中環,2018-12-24,0.0,Dealer_Hedging,0.0
2323,中環,2018-12-24,9000.0,Dealer_self,32000.0
2323,中環,2018-12-24,0.0,Foreign_Dealer_Self,0.0
2323,中環,2018-12-24,181000.0,Foreign_Investor,622000.0
2323,中環,2018-12-24,0.0,Investment_Trust,0.0
2323,中環,2018-12-25,0.0,Dealer_Hedging,0.0
2323,中環,2018-12-25,41000.0,Dealer_self,160000.0
2323,中環,2018-12-25,0.0,Foreign_Dealer_Self,0.0
2323,中環,2018-12-25,551000.0,Foreign_Investor,2662000.0
2323,中環,2018-12-25,0.0,Investment_Trust,0.0
2323,中環,2018-12-26,0.0,Dealer_Hedging,0.0
2323,中環,2018-12-26,43000.0,Dealer_self,64000.0
2323,中環,2018-12-26,0.0,Foreign_Dealer_Self,0.0
2323,中環,2018-12-26,2563000.0,Foreign_Investor,755000.0
2323,中環,2018-12-26,0.0,Investment_Trust,0.0
2323,中環,2018-12-27,0.0,Dealer_Hedging,0.0
2323,中環,2018-12-27,47000.0,Dealer_self,4000.0
2323,中環,2018-12-27,0.0,Foreign_Dealer_Self,0.0
2323,中環,2018-12-27,889000.0,Foreign_Investor,3052000.0
2323,中環,2018-12-27,0.0,Investment_Trust,0.0
2323,中環,2018-12-28,0.0,Dealer_Hedging,0.0
2323,中環,2018-12-28,21000.0,Dealer_self,0.0
2323,中環,2018-12-28,0.0,Foreign_Dealer_Self,0.0
2323,中環,2018-12-28,3363000.0,Foreign_Investor,101000.0
2323,中環,2018-12-28,0.0,Investment_Trust,0.0
2323,中環,2019-01-02,0.0,Dealer_Hedging,0.0
2323,中環,2019-01-02,152000.0,Dealer_self,110000.0
2323,中環,2019-01-02,0.0,Foreign_Dealer_Self,0.0
2323,中環,2019-01-02,2886000.0,Foreign_Investor,1709000.0
2323,中環,2019-01-02,0.0,Investment_Trust,0.0
2323,中環,2019-01-03,0.0,Dealer_Hedging,0.0
2323,中環,2019-01-03,118000.0,Dealer_self,9000.0
2323,中環,2019-01-03,0.0,Foreign_Dealer_Self,0.0
2323,中環,2019-01-03,6479000.0,Foreign_Investor,2131000.0
2323,中環,2019-01-03,0.0,Investment_Trust,0.0
2323,中環,2019-01-04,0.0,Dealer_Hedging,0.0
2323,中環,2019-01-04,47000.0,Dealer_self,6000.0
2323,中環,2019-01-04,0.0,Foreign_Dealer_Self,0.0
2323,中環,2019-01-04,1804000.0,Foreign_Investor,1882000.0
2323,中環,2019-01-04,0.0,Investment_Trust,0.0
2323,中環,2019-01-07,86000.0,Dealer_Hedging,0.0
2323,中環,2019-01-07,27000.0,Dealer_self,176000.0
2323,中環,2019-01-07,0.0,Foreign_Dealer_Self,0.0
2323,中環,2019-01-07,2044000.0,Foreign_Investor,2043000.0
2323,中環,2019-01-07,0.0,Investment_Trust,0.0
2323,中環,2019-01-08,0.0,Dealer_Hedging,0.0
2323,中環,2019-01-08,14000.0,Dealer_self,16000.0
2323,中環,2019-01-08,0.0,Foreign_Dealer_Self,0.0
2323,中環,2019-01-08,1301001.0,Foreign_Investor,580000.0
2323,中環,2019-01-08,0.0,Investment_Trust,0.0
2323,中環,2019-01-09,2000.0,Dealer_Hedging,0.0
2323,中環,2019-01-09,523000.0,Dealer_self,0.0
2323,中環,2019-01-09,0.0,Foreign_Dealer_Self,0.0
2323,中環,2019-01-09,3422000.0,Foreign_Investor,512000.0
2323,中環,2019-01-09,0.0,Investment_Trust,0.0
2323,中環,2019-01-10,0.0,Dealer_Hedging,0.0
2323,中環,2019-01-10,146000.0,Dealer_self,12000.0
2323,中環,2019-01-10,0.0,Foreign_Dealer_Self,0.0
2323,中環,2019-01-10,840000.0,Foreign_Investor,2274000.0
2323,中環,2019-01-10,0.0,Investment_Trust,0.0
2323,中環,2019-01-11,0.0,Dealer_Hedging,0.0
2323,中環,2019-01-11,8000.0,Dealer_self,202000.0
2323,中環,2019-01-11,0.0,Foreign_Dealer_Self,0.0
2323,中環,2019-01-11,1182000.0,Foreign_Investor,803000.0
2323,中環,2019-01-11,0.0,Investment_Trust,0.0
2323,中環,2019-01-14,0.0,Dealer_Hedging,0.0
2323,中環,2019-01-14,2000.0,Dealer_self,45000.0
2323,中環,2019-01-14,0.0,Foreign_Dealer_Self,0.0
2323,中環,2019-01-14,368000.0,Foreign_Investor,302751.0
2323,中環,2019-01-14,0.0,Investment_Trust,0.0
2323,中環,2019-01-15,0.0,Dealer_Hedging,0.0
2323,中環,2019-01-15,302000.0,Dealer_self,88000.0
2323,中環,2019-01-15,0.0,Foreign_Dealer_Self,0.0
2323,中環,2019-01-15,3834000.0,Foreign_Investor,1508000.0
2323,中環,2019-01-15,0.0,Investment_Trust,0.0
2323,中環,2019-01-16,0.0,Dealer_Hedging,0.0
2323,中環,2019-01-16,325000.0,Dealer_self,72000.0
2323,中環,2019-01-16,0.0,Foreign_Dealer_Self,0.0
2323,中環,2019-01-16,3688000.0,Foreign_Investor,1700000.0
2323,中環,2019-01-16,0.0,Investment_Trust,0.0
2323,中環,2019-01-17,0.0,Dealer_Hedging,56000.0
2323,中環,2019-01-17,5000.0,Dealer_self,1000.0
2323,中環,2019-01-17,0.0,Foreign_Dealer_Self,0.0
2323,中環,2019-01-17,3042000.0,Foreign_Investor,664000.0
2323,中環,2019-01-17,0.0,Investment_Trust,0.0
2323,中環,2019-01-18,14000.0,Dealer_Hedging,0.0
2323,中環,2019-01-18,442000.0,Dealer_self,0.0
2323,中環,2019-01-18,0.0,Foreign_Dealer_Self,0.0
2323,中環,2019-01-18,5175400.0,Foreign_Investor,844000.0
2323,中環,2019-01-18,400000.0,Investment_Trust,0.0
2323,中環,2019-01-21,3000.0,Dealer_Hedging,0.0
2323,中環,2019-01-21,649000.0,Dealer_self,30000.0
2323,中環,2019-01-21,0.0,Foreign_Dealer_Self,0.0
2323,中環,2019-01-21,870000.0,Foreign_Investor,2015349.0
2323,中環,2019-01-21,0.0,Investment_Trust,0.0
2323,中環,2019-01-22,0.0,Dealer_Hedging,0.0
2323,中環,2019-01-22,552000.0,Dealer_self,518000.0
2323,中環,2019-01-22,0.0,Foreign_Dealer_Self,0.0
2323,中環,2019-01-22,1505000.0,Foreign_Investor,1524000.0
2323,中環,2019-01-22,0.0,Investment_Trust,0.0
2323,中環,2019-01-23,0.0,Dealer_Hedging,0.0
2323,中環,2019-01-23,34000.0,Dealer_self,2000.0
2323,中環,2019-01-23,0.0,Foreign_Dealer_Self,0.0
2323,中環,2019-01-23,746000.0,Foreign_Investor,1781000.0
2323,中環,2019-01-23,0.0,Investment_Trust,22000.0
2323,中環,2019-01-24,0.0,Dealer_Hedging,0.0
2323,中環,2019-01-24,200000.0,Dealer_self,78000.0
2323,中環,2019-01-24,0.0,Foreign_Dealer_Self,0.0
2323,中環,2019-01-24,919000.0,Foreign_Investor,2139000.0
2323,中環,2019-01-24,0.0,Investment_Trust,22000.0
2323,中環,2019-01-25,0.0,Dealer_Hedging,0.0
2323,中環,2019-01-25,44000.0,Dealer_self,47000.0
2323,中環,2019-01-25,0.0,Foreign_Dealer_Self,0.0
2323,中環,2019-01-25,1825000.0,Foreign_Investor,8815000.0
2323,中環,2019-01-25,0.0,Investment_Trust,30000.0
2323,中環,2019-01-28,0.0,Dealer_Hedging,0.0
2323,中環,2019-01-28,303000.0,Dealer_self,184000.0
2323,中環,2019-01-28,0.0,Foreign_Dealer_Self,0.0
2323,中環,2019-01-28,3002000.0,Foreign_Investor,1976000.0
2323,中環,2019-01-28,0.0,Investment_Trust,57000.0
2323,中環,2019-01-29,0.0,Dealer_Hedging,0.0
2323,中環,2019-01-29,97000.0,Dealer_self,19000.0
2323,中環,2019-01-29,0.0,Foreign_Dealer_Self,0.0
2323,中環,2019-01-29,1615000.0,Foreign_Investor,4821000.0
2323,中環,2019-01-29,0.0,Investment_Trust,21000.0
2323,中環,2019-01-30,0.0,Dealer_Hedging,0.0
2323,中環,2019-01-30,0.0,Dealer_self,32000.0
2323,中環,2019-01-30,0.0,Foreign_Dealer_Self,0.0
2323,中環,2019-01-30,1125000.0,Foreign_Investor,1403000.0
2323,中環,2019-01-30,0.0,Investment_Trust,0.0
2323,中環,2019-02-11,0.0,Dealer_Hedging,0.0
2323,中環,2019-02-11,522000.0,Dealer_self,48000.0
2323,中環,2019-02-11,0.0,Foreign_Dealer_Self,0.0
2323,中環,2019-02-11,1001000.0,Foreign_Investor,2567000.0
2323,中環,2019-02-11,0.0,Investment_Trust,22000.0
2323,中環,2019-02-12,0.0,Dealer_Hedging,0.0
2323,中環,2019-02-12,32000.0,Dealer_self,6000.0
2323,中環,2019-02-12,0.0,Foreign_Dealer_Self,0.0
2323,中環,2019-02-12,890000.0,Foreign_Investor,2091000.0
2323,中環,2019-02-12,0.0,Investment_Trust,29000.0
2323,中環,2019-02-13,0.0,Dealer_Hedging,0.0
2323,中環,2019-02-13,74000.0,Dealer_self,10000.0
2323,中環,2019-02-13,0.0,Foreign_Dealer_Self,0.0
2323,中環,2019-02-13,130000.0,Foreign_Investor,4708000.0
2323,中環,2019-02-13,0.0,Investment_Trust,7000.0
2323,中環,2019-02-14,0.0,Dealer_Hedging,0.0
2323,中環,2019-02-14,92000.0,Dealer_self,6000.0
2323,中環,2019-02-14,0.0,Foreign_Dealer_Self,0.0
2323,中環,2019-02-14,499000.0,Foreign_Investor,3020000.0
2323,中環,2019-02-14,0.0,Investment_Trust,21000.0
2323,中環,2019-02-15,0.0,Dealer_Hedging,0.0
2323,中環,2019-02-15,29000.0,Dealer_self,7000.0
2323,中環,2019-02-15,0.0,Foreign_Dealer_Self,0.0
2323,中環,2019-02-15,305000.0,Foreign_Investor,3822000.0
2323,中環,2019-02-15,0.0,Investment_Trust,0.0
2323,中環,2019-02-18,0.0,Dealer_Hedging,0.0
2323,中環,2019-02-18,26000.0,Dealer_self,2000.0
2323,中環,2019-02-18,0.0,Foreign_Dealer_Self,0.0
2323,中環,2019-02-18,411000.0,Foreign_Investor,571000.0
2323,中環,2019-02-18,0.0,Investment_Trust,0.0
2323,中環,2019-02-19,0.0,Dealer_Hedging,0.0
2323,中環,2019-02-19,36000.0,Dealer_self,10000.0
2323,中環,2019-02-19,0.0,Foreign_Dealer_Self,0.0
2323,中環,2019-02-19,493000.0,Foreign_Investor,1962000.0
2323,中環,2019-02-19,0.0,Investment_Trust,0.0
2323,中環,2019-02-20,0.0,Dealer_Hedging,0.0
2323,中環,2019-02-20,92000.0,Dealer_self,386000.0
2323,中環,2019-02-20,0.0,Foreign_Dealer_Self,0.0
2323,中環,2019-02-20,638000.0,Foreign_Investor,1076000.0
2323,中環,2019-02-20,0.0,Investment_Trust,0.0
2323,中環,2019-02-21,0.0,Dealer_Hedging,0.0
2323,中環,2019-02-21,89000.0,Dealer_self,0.0
2323,中環,2019-02-21,0.0,Foreign_Dealer_Self,0.0
2323,中環,2019-02-21,711000.0,Foreign_Investor,1350000.0
2323,中環,2019-02-21,0.0,Investment_Trust,0.0
2323,中環,2019-02-22,2000.0,Dealer_Hedging,0.0
2323,中環,2019-02-22,46000.0,Dealer_self,0.0
2323,中環,2019-02-22,0.0,Foreign_Dealer_Self,0.0
2323,中環,2019-02-22,82000.0,Foreign_Investor,1388000.0
2323,中環,2019-02-22,0.0,Investment_Trust,0.0
2323,中環,2019-02-25,0.0,Dealer_Hedging,0.0
2323,中環,2019-02-25,28000.0,Dealer_self,236000.0
2323,中環,2019-02-25,0.0,Foreign_Dealer_Self,0.0
2323,中環,2019-02-25,1421000.0,Foreign_Investor,2389000.0
2323,中環,2019-02-25,0.0,Investment_Trust,7000.0
2323,中環,2019-02-26,2000.0,Dealer_Hedging,0.0
2323,中環,2019-02-26,28000.0,Dealer_self,0.0
2323,中環,2019-02-26,0.0,Foreign_Dealer_Self,0.0
2323,中環,2019-02-26,446000.0,Foreign_Investor,1207000.0
2323,中環,2019-02-26,0.0,Investment_Trust,0.0
2323,中環,2019-02-27,0.0,Dealer_Hedging,0.0
2323,中環,2019-02-27,200000.0,Dealer_self,0.0
2323,中環,2019-02-27,0.0,Foreign_Dealer_Self,0.0
2323,中環,2019-02-27,573000.0,Foreign_Investor,1800000.0
2323,中環,2019-02-27,0.0,Investment_Trust,0.0
2323,中環,2019-03-04,0.0,Dealer_Hedging,0.0
2323,中環,2019-03-04,0.0,Dealer_self,7000.0
2323,中環,2019-03-04,0.0,Foreign_Dealer_Self,0.0
2323,中環,2019-03-04,190000.0,Foreign_Investor,472000.0
2323,中環,2019-03-04,0.0,Investment_Trust,0.0
2323,中環,2019-03-05,0.0,Dealer_Hedging,0.0
2323,中環,2019-03-05,32000.0,Dealer_self,8000.0
2323,中環,2019-03-05,0.0,Foreign_Dealer_Self,0.0
2323,中環,2019-03-05,685000.0,Foreign_Investor,1152116.0
2323,中環,2019-03-05,0.0,Investment_Trust,0.0
2323,中環,2019-03-06,2000.0,Dealer_Hedging,0.0
2323,中環,2019-03-06,18000.0,Dealer_self,0.0
2323,中環,2019-03-06,0.0,Foreign_Dealer_Self,0.0
2323,中環,2019-03-06,570000.0,Foreign_Investor,799000.0
2323,中環,2019-03-06,0.0,Investment_Trust,0.0
2323,中環,2019-03-07,0.0,Dealer_Hedging,0.0
2323,中環,2019-03-07,6000.0,Dealer_self,32000.0
2323,中環,2019-03-07,0.0,Foreign_Dealer_Self,0.0
2323,中環,2019-03-07,775000.0,Foreign_Investor,1137000.0
2323,中環,2019-03-07,0.0,Investment_Trust,0.0
2323,中環,2019-03-08,0.0,Dealer_Hedging,0.0
2323,中環,2019-03-08,2000.0,Dealer_self,52000.0
2323,中環,2019-03-08,0.0,Foreign_Dealer_Self,0.0
2323,中環,2019-03-08,191000.0,Foreign_Investor,1026800.0
2323,中環,2019-03-08,0.0,Investment_Trust,0.0
2323,中環,2019-03-11,0.0,Dealer_Hedging,0.0
2323,中環,2019-03-11,0.0,Dealer_self,23000.0
2323,中環,2019-03-11,0.0,Foreign_Dealer_Self,0.0
2323,中環,2019-03-11,233000.0,Foreign_Investor,187000.0
2323,中環,2019-03-11,0.0,Investment_Trust,0.0
2323,中環,2019-03-12,0.0,Dealer_Hedging,0.0
2323,中環,2019-03-12,37000.0,Dealer_self,211000.0
2323,中環,2019-03-12,0.0,Foreign_Dealer_Self,0.0
2323,中環,2019-03-12,1890000.0,Foreign_Investor,715000.0
2323,中環,2019-03-12,0.0,Investment_Trust,0.0
2323,中環,2019-03-13,0.0,Dealer_Hedging,0.0
2323,中環,2019-03-13,26000.0,Dealer_self,63000.0
2323,中環,2019-03-13,0.0,Foreign_Dealer_Self,0.0
2323,中環,2019-03-13,810000.0,Foreign_Investor,892000.0
2323,中環,2019-03-13,0.0,Investment_Trust,0.0
2323,中環,2019-03-14,0.0,Dealer_Hedging,0.0
2323,中環,2019-03-14,50000.0,Dealer_self,650000.0
2323,中環,2019-03-14,0.0,Foreign_Dealer_Self,0.0
2323,中環,2019-03-14,6202000.0,Foreign_Investor,1200000.0
2323,中環,2019-03-14,0.0,Investment_Trust,0.0
2323,中環,2019-03-15,2000.0,Dealer_Hedging,0.0
2323,中環,2019-03-15,78000.0,Dealer_self,168000.0
2323,中環,2019-03-15,0.0,Foreign_Dealer_Self,0.0
2323,中環,2019-03-15,2348000.0,Foreign_Investor,2542568.0
2323,中環,2019-03-15,9000.0,Investment_Trust,0.0
2323,中環,2019-03-18,0.0,Dealer_Hedging,0.0
2323,中環,2019-03-18,6000.0,Dealer_self,157000.0
2323,中環,2019-03-18,0.0,Foreign_Dealer_Self,0.0
2323,中環,2019-03-18,1554000.0,Foreign_Investor,1805000.0
2323,中環,2019-03-18,0.0,Investment_Trust,0.0
2323,中環,2019-03-19,0.0,Dealer_Hedging,0.0
2323,中環,2019-03-19,19000.0,Dealer_self,2000.0
2323,中環,2019-03-19,0.0,Foreign_Dealer_Self,0.0
2323,中環,2019-03-19,1527000.0,Foreign_Investor,2403614.0
2323,中環,2019-03-19,0.0,Investment_Trust,0.0
2323,中環,2019-03-20,0.0,Dealer_Hedging,0.0
2323,中環,2019-03-20,22000.0,Dealer_self,72000.0
2323,中環,2019-03-20,0.0,Foreign_Dealer_Self,0.0
2323,中環,2019-03-20,740000.0,Foreign_Investor,634000.0
2323,中環,2019-03-20,0.0,Investment_Trust,0.0
2323,中環,2019-03-21,0.0,Dealer_Hedging,0.0
2323,中環,2019-03-21,194000.0,Dealer_self,1000.0
2323,中環,2019-03-21,0.0,Foreign_Dealer_Self,0.0
2323,中環,2019-03-21,1643001.0,Foreign_Investor,2195000.0
2323,中環,2019-03-21,0.0,Investment_Trust,7000.0
2323,中環,2019-03-22,0.0,Dealer_Hedging,0.0
2323,中環,2019-03-22,0.0,Dealer_self,2000.0
2323,中環,2019-03-22,0.0,Foreign_Dealer_Self,0.0
2323,中環,2019-03-22,473000.0,Foreign_Investor,568000.0
2323,中環,2019-03-22,0.0,Investment_Trust,0.0
2323,中環,2019-03-25,0.0,Dealer_Hedging,0.0
2323,中環,2019-03-25,0.0,Dealer_self,55000.0
2323,中環,2019-03-25,0.0,Foreign_Dealer_Self,0.0
2323,中環,2019-03-25,684000.0,Foreign_Investor,2062000.0
2323,中環,2019-03-25,0.0,Investment_Trust,0.0
2323,中環,2019-03-26,0.0,Dealer_Hedging,0.0
2323,中環,2019-03-26,0.0,Dealer_self,256000.0
2323,中環,2019-03-26,0.0,Foreign_Dealer_Self,0.0
2323,中環,2019-03-26,1536000.0,Foreign_Investor,1951000.0
2323,中環,2019-03-26,0.0,Investment_Trust,0.0
2323,中環,2019-03-27,8000.0,Dealer_Hedging,2000.0
2323,中環,2019-03-27,54000.0,Dealer_self,1064000.0
2323,中環,2019-03-27,0.0,Foreign_Dealer_Self,0.0
2323,中環,2019-03-27,3532000.0,Foreign_Investor,1138000.0
2323,中環,2019-03-27,0.0,Investment_Trust,0.0
2323,中環,2019-03-28,14000.0,Dealer_Hedging,0.0
2323,中環,2019-03-28,396000.0,Dealer_self,137000.0
2323,中環,2019-03-28,0.0,Foreign_Dealer_Self,0.0
2323,中環,2019-03-28,2632000.0,Foreign_Investor,6949000.0
2323,中環,2019-03-28,0.0,Investment_Trust,0.0
2323,中環,2019-03-29,1000.0,Dealer_Hedging,0.0
2323,中環,2019-03-29,11589.0,Dealer_self,52000.0
2323,中環,2019-03-29,0.0,Foreign_Dealer_Self,0.0
2323,中環,2019-03-29,4893000.0,Foreign_Investor,1152061.0
2323,中環,2019-03-29,0.0,Investment_Trust,0.0
2323,中環,2019-04-01,0.0,Dealer_Hedging,0.0
2323,中環,2019-04-01,13560.0,Dealer_self,23000.0
2323,中環,2019-04-01,0.0,Foreign_Dealer_Self,0.0
2323,中環,2019-04-01,1643000.0,Foreign_Investor,1200000.0
2323,中環,2019-04-01,0.0,Investment_Trust,0.0
2323,中環,2019-04-02,0.0,Dealer_Hedging,0.0
2323,中環,2019-04-02,2000.0,Dealer_self,268000.0
2323,中環,2019-04-02,0.0,Foreign_Dealer_Self,0.0
2323,中環,2019-04-02,1546000.0,Foreign_Investor,1836000.0
2323,中環,2019-04-02,0.0,Investment_Trust,0.0
2323,中環,2019-04-03,0.0,Dealer_Hedging,0.0
2323,中環,2019-04-03,98000.0,Dealer_self,3000.0
2323,中環,2019-04-03,0.0,Foreign_Dealer_Self,0.0
2323,中環,2019-04-03,2048000.0,Foreign_Investor,1506000.0
2323,中環,2019-04-03,0.0,Investment_Trust,0.0
2323,中環,2019-04-08,0.0,Dealer_Hedging,0.0
2323,中環,2019-04-08,14000.0,Dealer_self,14000.0
2323,中環,2019-04-08,0.0,Foreign_Dealer_Self,0.0
2323,中環,2019-04-08,3241000.0,Foreign_Investor,1316000.0
2323,中環,2019-04-08,0.0,Investment_Trust,0.0
2323,中環,2019-04-09,0.0,Dealer_Hedging,0.0
2323,中環,2019-04-09,72000.0,Dealer_self,0.0
2323,中環,2019-04-09,0.0,Foreign_Dealer_Self,0.0
2323,中環,2019-04-09,2042000.0,Foreign_Investor,390000.0
2323,中環,2019-04-09,22000.0,Investment_Trust,0.0
2323,中環,2019-04-10,307000.0,Dealer_Hedging,0.0
2323,中環,2019-04-10,177000.0,Dealer_self,32000.0
2323,中環,2019-04-10,0.0,Foreign_Dealer_Self,0.0
2323,中環,2019-04-10,6468000.0,Foreign_Investor,900000.0
2323,中環,2019-04-10,0.0,Investment_Trust,0.0
2323,中環,2019-04-11,2000.0,Dealer_Hedging,0.0
2323,中環,2019-04-11,18997.0,Dealer_self,20000.0
2323,中環,2019-04-11,0.0,Foreign_Dealer_Self,0.0
2323,中環,2019-04-11,2658000.0,Foreign_Investor,2401000.0
2323,中環,2019-04-11,0.0,Investment_Trust,0.0
2323,中環,2019-04-12,234000.0,Dealer_Hedging,0.0
2323,中環,2019-04-12,51000.0,Dealer_self,16000.0
2323,中環,2019-04-12,0.0,Foreign_Dealer_Self,0.0
2323,中環,2019-04-12,2774000.0,Foreign_Investor,1764000.0
2323,中環,2019-04-12,8000.0,Investment_Trust,0.0
2323,中環,2019-04-15,171000.0,Dealer_Hedging,199000.0
2323,中環,2019-04-15,37000.0,Dealer_self,112000.0
2323,中環,2019-04-15,0.0,Foreign_Dealer_Self,0.0
2323,中環,2019-04-15,2776000.0,Foreign_Investor,4232000.0
2323,中環,2019-04-15,0.0,Investment_Trust,0.0
2323,中環,2019-04-16,120000.0,Dealer_Hedging,0.0
2323,中環,2019-04-16,9000.0,Dealer_self,91000.0
2323,中環,2019-04-16,0.0,Foreign_Dealer_Self,0.0
2323,中環,2019-04-16,3967000.0,Foreign_Investor,513000.0
2323,中環,2019-04-16,0.0,Investment_Trust,0.0
2323,中環,2019-04-17,2156000.0,Dealer_Hedging,25000.0
2323,中環,2019-04-17,554000.0,Dealer_self,202000.0
2323,中環,2019-04-17,0.0,Foreign_Dealer_Self,0.0
2323,中環,2019-04-17,11699000.0,Foreign_Investor,1395000.0
2323,中環,2019-04-17,0.0,Investment_Trust,0.0
2323,中環,2019-04-18,207000.0,Dealer_Hedging,1699000.0
2323,中環,2019-04-18,561000.0,Dealer_self,662000.0
2323,中環,2019-04-18,0.0,Foreign_Dealer_Self,0.0
2323,中環,2019-04-18,8402428.0,Foreign_Investor,8356428.0
2323,中環,2019-04-18,0.0,Investment_Trust,0.0
2323,中環,2019-04-19,590000.0,Dealer_Hedging,146000.0
2323,中環,2019-04-19,54000.0,Dealer_self,29000.0
2323,中環,2019-04-19,0.0,Foreign_Dealer_Self,0.0
2323,中環,2019-04-19,5190000.0,Foreign_Investor,1765123.0
2323,中環,2019-04-19,0.0,Investment_Trust,0.0
2323,中環,2019-04-22,283000.0,Dealer_Hedging,210000.0
2323,中環,2019-04-22,331000.0,Dealer_self,142000.0
2323,中環,2019-04-22,0.0,Foreign_Dealer_Self,0.0
2323,中環,2019-04-22,2761600.0,Foreign_Investor,9740000.0
2323,中環,2019-04-22,0.0,Investment_Trust,0.0
2323,中環,2019-04-23,175000.0,Dealer_Hedging,0.0
2323,中環,2019-04-23,28000.0,Dealer_self,246000.0
2323,中環,2019-04-23,0.0,Foreign_Dealer_Self,0.0
2323,中環,2019-04-23,1741000.0,Foreign_Investor,2067000.0
2323,中環,2019-04-23,0.0,Investment_Trust,0.0
2323,中環,2019-04-24,0.0,Dealer_Hedging,136000.0
2323,中環,2019-04-24,228000.0,Dealer_self,12000.0
2323,中環,2019-04-24,0.0,Foreign_Dealer_Self,0.0
2323,中環,2019-04-24,827000.0,Foreign_Investor,4550000.0
2323,中環,2019-04-24,0.0,Investment_Trust,0.0
2323,中環,2019-04-25,241000.0,Dealer_Hedging,60000.0
2323,中環,2019-04-25,2000.0,Dealer_self,76000.0
2323,中環,2019-04-25,0.0,Foreign_Dealer_Self,0.0
2323,中環,2019-04-25,1133000.0,Foreign_Investor,3835000.0
2323,中環,2019-04-25,0.0,Investment_Trust,0.0
2323,中環,2019-04-26,128000.0,Dealer_Hedging,329000.0
2323,中環,2019-04-26,84000.0,Dealer_self,172000.0
2323,中環,2019-04-26,0.0,Foreign_Dealer_Self,0.0
2323,中環,2019-04-26,773000.0,Foreign_Investor,1660000.0
2323,中環,2019-04-26,38000.0,Investment_Trust,0.0
2323,中環,2019-04-29,0.0,Dealer_Hedging,0.0
2323,中環,2019-04-29,22000.0,Dealer_self,38000.0
2323,中環,2019-04-29,0.0,Foreign_Dealer_Self,0.0
2323,中環,2019-04-29,1235007.0,Foreign_Investor,1189000.0
2323,中環,2019-04-29,7000.0,Investment_Trust,0.0
2323,中環,2019-04-30,5000.0,Dealer_Hedging,0.0
2323,中環,2019-04-30,0.0,Dealer_self,3000.0
2323,中環,2019-04-30,0.0,Foreign_Dealer_Self,0.0
2323,中環,2019-04-30,354000.0,Foreign_Investor,1663000.0
2323,中環,2019-04-30,0.0,Investment_Trust,0.0
2323,中環,2019-05-02,417000.0,Dealer_Hedging,0.0
2323,中環,2019-05-02,8000.0,Dealer_self,0.0
2323,中環,2019-05-02,0.0,Foreign_Dealer_Self,0.0
2323,中環,2019-05-02,261000.0,Foreign_Investor,1293000.0
2323,中環,2019-05-02,15000.0,Investment_Trust,0.0
2323,中環,2019-05-03,118000.0,Dealer_Hedging,493000.0
2323,中環,2019-05-03,6000.0,Dealer_self,36000.0
2323,中環,2019-05-03,0.0,Foreign_Dealer_Self,0.0
2323,中環,2019-05-03,334000.0,Foreign_Investor,1546000.0
2323,中環,2019-05-03,0.0,Investment_Trust,0.0
2323,中環,2019-05-06,0.0,Dealer_Hedging,208000.0
2323,中環,2019-05-06,1000.0,Dealer_self,139000.0
2323,中環,2019-05-06,0.0,Foreign_Dealer_Self,0.0
2323,中環,2019-05-06,940000.0,Foreign_Investor,1808000.0
2323,中環,2019-05-06,8000.0,Investment_Trust,0.0
2323,中環,2019-05-07,333000.0,Dealer_Hedging,17000.0
2323,中環,2019-05-07,2000.0,Dealer_self,8000.0
2323,中環,2019-05-07,0.0,Foreign_Dealer_Self,0.0
2323,中環,2019-05-07,551000.0,Foreign_Investor,1036000.0
2323,中環,2019-05-07,16000.0,Investment_Trust,0.0
2323,中環,2019-05-08,2000.0,Dealer_Hedging,136000.0
2323,中環,2019-05-08,15000.0,Dealer_self,6000.0
2323,中環,2019-05-08,0.0,Foreign_Dealer_Self,0.0
2323,中環,2019-05-08,812000.0,Foreign_Investor,631000.0
2323,中環,2019-05-08,0.0,Investment_Trust,0.0
2323,中環,2019-05-09,5000.0,Dealer_Hedging,440000.0
2323,中環,2019-05-09,6000.0,Dealer_self,328000.0
2323,中環,2019-05-09,0.0,Foreign_Dealer_Self,0.0
2323,中環,2019-05-09,462000.0,Foreign_Investor,3401000.0
2323,中環,2019-05-09,0.0,Investment_Trust,0.0
2323,中環,2019-05-10,1106000.0,Dealer_Hedging,59000.0
2323,中環,2019-05-10,106000.0,Dealer_self,471000.0
2323,中環,2019-05-10,0.0,Foreign_Dealer_Self,0.0
2323,中環,2019-05-10,2123000.0,Foreign_Investor,4654000.0
2323,中環,2019-05-10,7000.0,Investment_Trust,0.0
2323,中環,2019-05-13,25000.0,Dealer_Hedging,847000.0
2323,中環,2019-05-13,51000.0,Dealer_self,26000.0
2323,中環,2019-05-13,0.0,Foreign_Dealer_Self,0.0
2323,中環,2019-05-13,665900.0,Foreign_Investor,7891000.0
2323,中環,2019-05-13,0.0,Investment_Trust,0.0
2323,中環,2019-05-14,0.0,Dealer_Hedging,18000.0
2323,中環,2019-05-14,151000.0,Dealer_self,146000.0
2323,中環,2019-05-14,0.0,Foreign_Dealer_Self,0.0
2323,中環,2019-05-14,1677000.0,Foreign_Investor,2898000.0
2323,中環,2019-05-14,0.0,Investment_Trust,0.0
2323,中環,2019-05-15,79000.0,Dealer_Hedging,93000.0
2323,中環,2019-05-15,16000.0,Dealer_self,59000.0
2323,中環,2019-05-15,0.0,Foreign_Dealer_Self,0.0
2323,中環,2019-05-15,858000.0,Foreign_Investor,1530000.0
2323,中環,2019-05-15,0.0,Investment_Trust,0.0
2323,中環,2019-05-16,0.0,Dealer_Hedging,6000.0
2323,中環,2019-05-16,34000.0,Dealer_self,12000.0
2323,中環,2019-05-16,0.0,Foreign_Dealer_Self,0.0
2323,中環,2019-05-16,240000.0,Foreign_Investor,1175000.0
2323,中環,2019-05-16,0.0,Investment_Trust,0.0
2323,中環,2019-05-17,0.0,Dealer_Hedging,34000.0
2323,中環,2019-05-17,41000.0,Dealer_self,10146.0
2323,中環,2019-05-17,0.0,Foreign_Dealer_Self,0.0
2323,中環,2019-05-17,395000.0,Foreign_Investor,2449000.0
2323,中環,2019-05-17,0.0,Investment_Trust,0.0
2323,中環,2019-05-20,0.0,Dealer_Hedging,401000.0
2323,中環,2019-05-20,87000.0,Dealer_self,107000.0
2323,中環,2019-05-20,0.0,Foreign_Dealer_Self,0.0
2323,中環,2019-05-20,1880000.0,Foreign_Investor,1757000.0
2323,中環,2019-05-20,0.0,Investment_Trust,0.0
2323,中環,2019-05-21,0.0,Dealer_Hedging,10000.0
2323,中環,2019-05-21,181000.0,Dealer_self,2000.0
2323,中環,2019-05-21,0.0,Foreign_Dealer_Self,0.0
2323,中環,2019-05-21,2389000.0,Foreign_Investor,264000.0
2323,中環,2019-05-21,0.0,Investment_Trust,0.0
2323,中環,2019-05-22,131000.0,Dealer_Hedging,0.0
2323,中環,2019-05-22,57000.0,Dealer_self,64000.0
2323,中環,2019-05-22,0.0,Foreign_Dealer_Self,0.0
2323,中環,2019-05-22,881000.0,Foreign_Investor,461000.0
2323,中環,2019-05-22,0.0,Investment_Trust,0.0
2323,中環,2019-05-23,0.0,Dealer_Hedging,82000.0
2323,中環,2019-05-23,16000.0,Dealer_self,4000.0
2323,中環,2019-05-23,0.0,Foreign_Dealer_Self,0.0
2323,中環,2019-05-23,802000.0,Foreign_Investor,741000.0
2323,中環,2019-05-23,8000.0,Investment_Trust,0.0
2323,中環,2019-05-24,9000.0,Dealer_Hedging,7000.0
2323,中環,2019-05-24,24000.0,Dealer_self,0.0
2323,中環,2019-05-24,0.0,Foreign_Dealer_Self,0.0
2323,中環,2019-05-24,1056000.0,Foreign_Investor,232000.0
2323,中環,2019-05-24,7000.0,Investment_Trust,0.0
2323,中環,2019-05-27,0.0,Dealer_Hedging,55000.0
2323,中環,2019-05-27,10000.0,Dealer_self,2000.0
2323,中環,2019-05-27,0.0,Foreign_Dealer_Self,0.0
2323,中環,2019-05-27,789000.0,Foreign_Investor,1360000.0
2323,中環,2019-05-27,0.0,Investment_Trust,0.0
2323,中環,2019-05-28,2000.0,Dealer_Hedging,4000.0
2323,中環,2019-05-28,142000.0,Dealer_self,6000.0
2323,中環,2019-05-28,0.0,Foreign_Dealer_Self,0.0
2323,中環,2019-05-28,643000.0,Foreign_Investor,1658000.0
2323,中環,2019-05-28,0.0,Investment_Trust,0.0
2323,中環,2019-05-29,745000.0,Dealer_Hedging,1000.0
2323,中環,2019-05-29,274000.0,Dealer_self,228000.0
2323,中環,2019-05-29,0.0,Foreign_Dealer_Self,0.0
2323,中環,2019-05-29,3034000.0,Foreign_Investor,1566000.0
2323,中環,2019-05-29,0.0,Investment_Trust,0.0
2323,中環,2019-05-30,1137000.0,Dealer_Hedging,404000.0
2323,中環,2019-05-30,20000.0,Dealer_self,401000.0
2323,中環,2019-05-30,0.0,Foreign_Dealer_Self,0.0
2323,中環,2019-05-30,5624000.0,Foreign_Investor,6005000.0
2323,中環,2019-05-30,0.0,Investment_Trust,0.0
2323,中環,2019-05-31,103000.0,Dealer_Hedging,692000.0
2323,中環,2019-05-31,34000.0,Dealer_self,37000.0
2323,中環,2019-05-31,0.0,Foreign_Dealer_Self,0.0
2323,中環,2019-05-31,1418000.0,Foreign_Investor,1608000.0
2323,中環,2019-05-31,0.0,Investment_Trust,0.0
2323,中環,2019-06-03,93000.0,Dealer_Hedging,192000.0
2323,中環,2019-06-03,80000.0,Dealer_self,82000.0
2323,中環,2019-06-03,0.0,Foreign_Dealer_Self,0.0
2323,中環,2019-06-03,514000.0,Foreign_Investor,1295000.0
2323,中環,2019-06-03,8000.0,Investment_Trust,0.0
2323,中環,2019-06-04,662000.0,Dealer_Hedging,73000.0
2323,中環,2019-06-04,42000.0,Dealer_self,13000.0
2323,中環,2019-06-04,0.0,Foreign_Dealer_Self,0.0
2323,中環,2019-06-04,1140000.0,Foreign_Investor,2008000.0
2323,中環,2019-06-04,15000.0,Investment_Trust,0.0
2323,中環,2019-06-05,38000.0,Dealer_Hedging,322000.0
2323,中環,2019-06-05,33000.0,Dealer_self,135000.0
2323,中環,2019-06-05,0.0,Foreign_Dealer_Self,0.0
2323,中環,2019-06-05,1087000.0,Foreign_Investor,1340000.0
2323,中環,2019-06-05,8000.0,Investment_Trust,0.0
2323,中環,2019-06-06,273000.0,Dealer_Hedging,67000.0
2323,中環,2019-06-06,24000.0,Dealer_self,48000.0
2323,中環,2019-06-06,0.0,Foreign_Dealer_Self,0.0
2323,中環,2019-06-06,902000.0,Foreign_Investor,2114000.0
2323,中環,2019-06-06,0.0,Investment_Trust,0.0
2323,中環,2019-06-10,11000.0,Dealer_Hedging,228000.0
2323,中環,2019-06-10,45000.0,Dealer_self,46000.0
2323,中環,2019-06-10,0.0,Foreign_Dealer_Self,0.0
2323,中環,2019-06-10,1072000.0,Foreign_Investor,1762000.0
2323,中環,2019-06-10,0.0,Investment_Trust,0.0
2323,中環,2019-06-11,128000.0,Dealer_Hedging,24000.0
2323,中環,2019-06-11,242000.0,Dealer_self,20000.0
2323,中環,2019-06-11,0.0,Foreign_Dealer_Self,0.0
2323,中環,2019-06-11,5504000.0,Foreign_Investor,926000.0
2323,中環,2019-06-11,0.0,Investment_Trust,0.0
2323,中環,2019-06-12,1161000.0,Dealer_Hedging,182000.0
2323,中環,2019-06-12,245000.0,Dealer_self,156000.0
2323,中環,2019-06-12,0.0,Foreign_Dealer_Self,0.0
2323,中環,2019-06-12,2413000.0,Foreign_Investor,5662000.0
2323,中環,2019-06-12,0.0,Investment_Trust,0.0
2323,中環,2019-06-13,7000.0,Dealer_Hedging,1066000.0
2323,中環,2019-06-13,8000.0,Dealer_self,39000.0
2323,中環,2019-06-13,0.0,Foreign_Dealer_Self,0.0
2323,中環,2019-06-13,1358000.0,Foreign_Investor,2259000.0
2323,中環,2019-06-13,0.0,Investment_Trust,0.0
2323,中環,2019-06-14,2000.0,Dealer_Hedging,16000.0
2323,中環,2019-06-14,6000.0,Dealer_self,14000.0
2323,中環,2019-06-14,0.0,Foreign_Dealer_Self,0.0
2323,中環,2019-06-14,453000.0,Foreign_Investor,631000.0
2323,中環,2019-06-14,0.0,Investment_Trust,0.0
2323,中環,2019-06-17,0.0,Dealer_Hedging,85000.0
2323,中環,2019-06-17,6000.0,Dealer_self,4000.0
2323,中環,2019-06-17,0.0,Foreign_Dealer_Self,0.0
2323,中環,2019-06-17,1056000.0,Foreign_Investor,957000.0
2323,中環,2019-06-17,0.0,Investment_Trust,0.0
2323,中環,2019-06-18,111000.0,Dealer_Hedging,152000.0
2323,中環,2019-06-18,15000.0,Dealer_self,58000.0
2323,中環,2019-06-18,0.0,Foreign_Dealer_Self,0.0
2323,中環,2019-06-18,542000.0,Foreign_Investor,2492000.0
2323,中環,2019-06-18,0.0,Investment_Trust,0.0
2323,中環,2019-06-19,6000.0,Dealer_Hedging,192000.0
2323,中環,2019-06-19,321000.0,Dealer_self,152000.0
2323,中環,2019-06-19,0.0,Foreign_Dealer_Self,0.0
2323,中環,2019-06-19,1918000.0,Foreign_Investor,812000.0
2323,中環,2019-06-19,0.0,Investment_Trust,7000.0
2323,中環,2019-06-20,226000.0,Dealer_Hedging,80000.0
2323,中環,2019-06-20,157000.0,Dealer_self,0.0
2323,中環,2019-06-20,0.0,Foreign_Dealer_Self,0.0
2323,中環,2019-06-20,4343000.0,Foreign_Investor,330000.0
2323,中環,2019-06-20,0.0,Investment_Trust,0.0
2323,中環,2019-06-21,0.0,Dealer_Hedging,89000.0
2323,中環,2019-06-21,37000.0,Dealer_self,0.0
2323,中環,2019-06-21,0.0,Foreign_Dealer_Self,0.0
2323,中環,2019-06-21,1199000.0,Foreign_Investor,5840000.0
2323,中環,2019-06-21,0.0,Investment_Trust,205000.0
2323,中環,2019-06-24,0.0,Dealer_Hedging,27000.0
2323,中環,2019-06-24,90000.0,Dealer_self,0.0
2323,中環,2019-06-24,0.0,Foreign_Dealer_Self,0.0
2323,中環,2019-06-24,573000.0,Foreign_Investor,1114000.0
2323,中環,2019-06-24,0.0,Investment_Trust,0.0
2323,中環,2019-06-25,0.0,Dealer_Hedging,152000.0
2323,中環,2019-06-25,0.0,Dealer_self,2000.0
2323,中環,2019-06-25,0.0,Foreign_Dealer_Self,0.0
2323,中環,2019-06-25,392000.0,Foreign_Investor,615000.0
2323,中環,2019-06-25,0.0,Investment_Trust,0.0
2323,中環,2019-06-26,0.0,Dealer_Hedging,9000.0
2323,中環,2019-06-26,19000.0,Dealer_self,22000.0
2323,中環,2019-06-26,0.0,Foreign_Dealer_Self,0.0
2323,中環,2019-06-26,196000.0,Foreign_Investor,553000.0
2323,中環,2019-06-26,0.0,Investment_Trust,0.0
2323,中環,2019-06-27,0.0,Dealer_Hedging,153000.0
2323,中環,2019-06-27,1000.0,Dealer_self,0.0
2323,中環,2019-06-27,0.0,Foreign_Dealer_Self,0.0
2323,中環,2019-06-27,524000.0,Foreign_Investor,537000.0
2323,中環,2019-06-27,0.0,Investment_Trust,3000.0
2323,中環,2019-06-28,0.0,Dealer_Hedging,46000.0
2323,中環,2019-06-28,1000.0,Dealer_self,0.0
2323,中環,2019-06-28,0.0,Foreign_Dealer_Self,0.0
2323,中環,2019-06-28,566000.0,Foreign_Investor,1567000.0
2323,中環,2019-06-28,0.0,Investment_Trust,0.0
2323,中環,2019-07-01,17000.0,Dealer_Hedging,140000.0
2323,中環,2019-07-01,6000.0,Dealer_self,4000.0
2323,中環,2019-07-01,0.0,Foreign_Dealer_Self,0.0
2323,中環,2019-07-01,2001000.0,Foreign_Investor,419000.0
2323,中環,2019-07-01,0.0,Investment_Trust,3000.0
2323,中環,2019-07-02,185000.0,Dealer_Hedging,6000.0
2323,中環,2019-07-02,32000.0,Dealer_self,0.0
2323,中環,2019-07-02,0.0,Foreign_Dealer_Self,0.0
2323,中環,2019-07-02,2626000.0,Foreign_Investor,509000.0
2323,中環,2019-07-02,0.0,Investment_Trust,0.0
2323,中環,2019-07-03,10000.0,Dealer_Hedging,85000.0
2323,中環,2019-07-03,12000.0,Dealer_self,78000.0
2323,中環,2019-07-03,0.0,Foreign_Dealer_Self,0.0
2323,中環,2019-07-03,1213000.0,Foreign_Investor,678000.0
2323,中環,2019-07-03,0.0,Investment_Trust,0.0
2323,中環,2019-07-04,47000.0,Dealer_Hedging,10000.0
2323,中環,2019-07-04,0.0,Dealer_self,2000.0
2323,中環,2019-07-04,0.0,Foreign_Dealer_Self,0.0
2323,中環,2019-07-04,1847000.0,Foreign_Investor,298000.0
2323,中環,2019-07-04,0.0,Investment_Trust,0.0
2323,中環,2019-07-05,0.0,Dealer_Hedging,6000.0
2323,中環,2019-07-05,3000.0,Dealer_self,4000.0
2323,中環,2019-07-05,0.0,Foreign_Dealer_Self,0.0
2323,中環,2019-07-05,1145000.0,Foreign_Investor,1140000.0
2323,中環,2019-07-05,0.0,Investment_Trust,0.0
2323,中環,2019-07-08,0.0,Dealer_Hedging,9000.0
2323,中環,2019-07-08,0.0,Dealer_self,34000.0
2323,中環,2019-07-08,0.0,Foreign_Dealer_Self,0.0
2323,中環,2019-07-08,1463000.0,Foreign_Investor,225000.0
2323,中環,2019-07-08,0.0,Investment_Trust,0.0
2323,中環,2019-07-09,28000.0,Dealer_Hedging,0.0
2323,中環,2019-07-09,0.0,Dealer_self,3000.0
2323,中環,2019-07-09,0.0,Foreign_Dealer_Self,0.0
2323,中環,2019-07-09,1176000.0,Foreign_Investor,169000.0
2323,中環,2019-07-09,0.0,Investment_Trust,0.0
2323,中環,2019-07-10,121000.0,Dealer_Hedging,2000.0
2323,中環,2019-07-10,188000.0,Dealer_self,0.0
2323,中環,2019-07-10,0.0,Foreign_Dealer_Self,0.0
2323,中環,2019-07-10,1042000.0,Foreign_Investor,419000.0
2323,中環,2019-07-10,0.0,Investment_Trust,0.0
2323,中環,2019-07-11,20000.0,Dealer_Hedging,24000.0
2323,中環,2019-07-11,2000.0,Dealer_self,26000.0
2323,中環,2019-07-11,0.0,Foreign_Dealer_Self,0.0
2323,中環,2019-07-11,591000.0,Foreign_Investor,760000.0
2323,中環,2019-07-11,0.0,Investment_Trust,0.0
2323,中環,2019-07-12,0.0,Dealer_Hedging,37000.0
2323,中環,2019-07-12,0.0,Dealer_self,0.0
2323,中環,2019-07-12,0.0,Foreign_Dealer_Self,0.0
2323,中環,2019-07-12,558000.0,Foreign_Investor,512000.0
2323,中環,2019-07-12,0.0,Investment_Trust,0.0
2323,中環,2019-07-15,40000.0,Dealer_Hedging,3000.0
2323,中環,2019-07-15,82000.0,Dealer_self,0.0
2323,中環,2019-07-15,0.0,Foreign_Dealer_Self,0.0
2323,中環,2019-07-15,150000.0,Foreign_Investor,787000.0
2323,中環,2019-07-15,0.0,Investment_Trust,0.0
2323,中環,2019-07-16,10000.0,Dealer_Hedging,61000.0
2323,中環,2019-07-16,42000.0,Dealer_self,0.0
2323,中環,2019-07-16,0.0,Foreign_Dealer_Self,0.0
2323,中環,2019-07-16,644000.0,Foreign_Investor,843000.0
2323,中環,2019-07-16,0.0,Investment_Trust,0.0
2323,中環,2019-07-17,22000.0,Dealer_Hedging,40000.0
2323,中環,2019-07-17,0.0,Dealer_self,274000.0
2323,中環,2019-07-17,0.0,Foreign_Dealer_Self,0.0
2323,中環,2019-07-17,544000.0,Foreign_Investor,1436000.0
2323,中環,2019-07-17,0.0,Investment_Trust,0.0
2323,中環,2019-07-18,56000.0,Dealer_Hedging,12000.0
2323,中環,2019-07-18,68000.0,Dealer_self,0.0
2323,中環,2019-07-18,0.0,Foreign_Dealer_Self,0.0
2323,中環,2019-07-18,357000.0,Foreign_Investor,592000.0
2323,中環,2019-07-18,0.0,Investment_Trust,0.0
2323,中環,2019-07-19,0.0,Dealer_Hedging,5000.0
2323,中環,2019-07-19,13000.0,Dealer_self,0.0
2323,中環,2019-07-19,0.0,Foreign_Dealer_Self,0.0
2323,中環,2019-07-19,493200.0,Foreign_Investor,1256000.0
2323,中環,2019-07-19,0.0,Investment_Trust,0.0
2323,中環,2019-07-22,949000.0,Dealer_Hedging,69000.0
2323,中環,2019-07-22,230000.0,Dealer_self,48000.0
2323,中環,2019-07-22,0.0,Foreign_Dealer_Self,0.0
2323,中環,2019-07-22,3146000.0,Foreign_Investor,4210000.0
2323,中環,2019-07-22,0.0,Investment_Trust,0.0
2323,中環,2019-07-23,244000.0,Dealer_Hedging,740000.0
2323,中環,2019-07-23,0.0,Dealer_self,218000.0
2323,中環,2019-07-23,0.0,Foreign_Dealer_Self,0.0
2323,中環,2019-07-23,1432000.0,Foreign_Investor,4757000.0
2323,中環,2019-07-23,0.0,Investment_Trust,0.0
2323,中環,2019-07-24,117000.0,Dealer_Hedging,123000.0
2323,中環,2019-07-24,0.0,Dealer_self,200000.0
2323,中環,2019-07-24,0.0,Foreign_Dealer_Self,0.0
2323,中環,2019-07-24,7546000.0,Foreign_Investor,751000.0
2323,中環,2019-07-24,0.0,Investment_Trust,0.0
2323,中環,2019-07-25,124000.0,Dealer_Hedging,68000.0
2323,中環,2019-07-25,0.0,Dealer_self,59000.0
2323,中環,2019-07-25,0.0,Foreign_Dealer_Self,0.0
2323,中環,2019-07-25,2277000.0,Foreign_Investor,256000.0
2323,中環,2019-07-25,0.0,Investment_Trust,8000.0
2323,中環,2019-07-26,80000.0,Dealer_Hedging,179000.0
2323,中環,2019-07-26,12000.0,Dealer_self,0.0
2323,中環,2019-07-26,0.0,Foreign_Dealer_Self,0.0
2323,中環,2019-07-26,1594000.0,Foreign_Investor,847000.0
2323,中環,2019-07-26,0.0,Investment_Trust,6000.0
2323,中環,2019-07-29,117000.0,Dealer_Hedging,10000.0
2323,中環,2019-07-29,20000.0,Dealer_self,44000.0
2323,中環,2019-07-29,0.0,Foreign_Dealer_Self,0.0
2323,中環,2019-07-29,414000.0,Foreign_Investor,1345000.0
2323,中環,2019-07-29,0.0,Investment_Trust,0.0
2323,中環,2019-07-30,111000.0,Dealer_Hedging,388000.0
2323,中環,2019-07-30,8000.0,Dealer_self,38000.0
2323,中環,2019-07-30,0.0,Foreign_Dealer_Self,0.0
2323,中環,2019-07-30,653000.0,Foreign_Investor,4320000.0
2323,中環,2019-07-30,0.0,Investment_Trust,3000.0
2323,中環,2019-07-31,91000.0,Dealer_Hedging,103000.0
2323,中環,2019-07-31,30000.0,Dealer_self,191000.0
2323,中環,2019-07-31,0.0,Foreign_Dealer_Self,0.0
2323,中環,2019-07-31,278000.0,Foreign_Investor,2224000.0
2323,中環,2019-07-31,0.0,Investment_Trust,0.0
2323,中環,2019-08-01,6000.0,Dealer_Hedging,150000.0
2323,中環,2019-08-01,1000.0,Dealer_self,12000.0
2323,中環,2019-08-01,0.0,Foreign_Dealer_Self,0.0
2323,中環,2019-08-01,426000.0,Foreign_Investor,2654000.0
2323,中環,2019-08-01,0.0,Investment_Trust,0.0
2323,中環,2019-08-02,91000.0,Dealer_Hedging,73000.0
2323,中環,2019-08-02,42000.0,Dealer_self,105000.0
2323,中環,2019-08-02,0.0,Foreign_Dealer_Self,0.0
2323,中環,2019-08-02,6070000.0,Foreign_Investor,2879000.0
2323,中環,2019-08-02,0.0,Investment_Trust,0.0
2323,中環,2019-08-05,76000.0,Dealer_Hedging,76000.0
2323,中環,2019-08-05,0.0,Dealer_self,4000.0
2323,中環,2019-08-05,0.0,Foreign_Dealer_Self,0.0
2323,中環,2019-08-05,1379000.0,Foreign_Investor,1105000.0
2323,中環,2019-08-05,0.0,Investment_Trust,0.0
2323,中環,2019-08-06,21000.0,Dealer_Hedging,127000.0
2323,中環,2019-08-06,52000.0,Dealer_self,58000.0
2323,中環,2019-08-06,0.0,Foreign_Dealer_Self,0.0
2323,中環,2019-08-06,2624522.0,Foreign_Investor,1696000.0
2323,中環,2019-08-06,0.0,Investment_Trust,0.0
2323,中環,2019-08-07,62000.0,Dealer_Hedging,119000.0
2323,中環,2019-08-07,4000.0,Dealer_self,141000.0
2323,中環,2019-08-07,0.0,Foreign_Dealer_Self,0.0
2323,中環,2019-08-07,136000.0,Foreign_Investor,340000.0
2323,中環,2019-08-07,0.0,Investment_Trust,0.0
2323,中環,2019-08-08,12000.0,Dealer_Hedging,0.0
2323,中環,2019-08-08,10000.0,Dealer_self,2000.0
2323,中環,2019-08-08,0.0,Foreign_Dealer_Self,0.0
2323,中環,2019-08-08,1230000.0,Foreign_Investor,930000.0
2323,中環,2019-08-08,0.0,Investment_Trust,0.0
2323,中環,2019-08-12,5000.0,Dealer_Hedging,101000.0
2323,中環,2019-08-12,2000.0,Dealer_self,22000.0
2323,中環,2019-08-12,0.0,Foreign_Dealer_Self,0.0
2323,中環,2019-08-12,708000.0,Foreign_Investor,1239000.0
2323,中環,2019-08-12,4000.0,Investment_Trust,0.0
2323,中環,2019-08-13,43000.0,Dealer_Hedging,101000.0
2323,中環,2019-08-13,20000.0,Dealer_self,139000.0
2323,中環,2019-08-13,0.0,Foreign_Dealer_Self,0.0
2323,中環,2019-08-13,1163000.0,Foreign_Investor,1334000.0
2323,中環,2019-08-13,0.0,Investment_Trust,0.0
2323,中環,2019-08-14,60000.0,Dealer_Hedging,156000.0
2323,中環,2019-08-14,98000.0,Dealer_self,24000.0
2323,中環,2019-08-14,0.0,Foreign_Dealer_Self,0.0
2323,中環,2019-08-14,841000.0,Foreign_Investor,1239000.0
2323,中環,2019-08-14,0.0,Investment_Trust,0.0
2323,中環,2019-08-15,994000.0,Dealer_Hedging,29000.0
2323,中環,2019-08-15,40000.0,Dealer_self,25000.0
2323,中環,2019-08-15,0.0,Foreign_Dealer_Self,0.0
2323,中環,2019-08-15,8500000.0,Foreign_Investor,790000.0
2323,中環,2019-08-15,0.0,Investment_Trust,0.0
2323,中環,2019-08-16,316000.0,Dealer_Hedging,266000.0
2323,中環,2019-08-16,87000.0,Dealer_self,93000.0
2323,中環,2019-08-16,0.0,Foreign_Dealer_Self,0.0
2323,中環,2019-08-16,4853000.0,Foreign_Investor,2351000.0
2323,中環,2019-08-16,0.0,Investment_Trust,0.0
2323,中環,2019-08-19,1184000.0,Dealer_Hedging,543000.0
2323,中環,2019-08-19,702000.0,Dealer_self,25000.0
2323,中環,2019-08-19,0.0,Foreign_Dealer_Self,0.0
2323,中環,2019-08-19,21095000.0,Foreign_Investor,2946000.0
2323,中環,2019-08-19,0.0,Investment_Trust,0.0
2323,中環,2019-08-20,35000.0,Dealer_Hedging,802000.0
2323,中環,2019-08-20,365000.0,Dealer_self,0.0
2323,中環,2019-08-20,0.0,Foreign_Dealer_Self,0.0
2323,中環,2019-08-20,34021000.0,Foreign_Investor,30044000.0
2323,中環,2019-08-20,0.0,Investment_Trust,0.0
2323,中環,2019-08-21,450000.0,Dealer_Hedging,257000.0
2323,中環,2019-08-21,53000.0,Dealer_self,68000.0
2323,中環,2019-08-21,0.0,Foreign_Dealer_Self,0.0
2323,中環,2019-08-21,2705000.0,Foreign_Investor,1085000.0
2323,中環,2019-08-21,0.0,Investment_Trust,0.0
2323,中環,2019-08-22,164000.0,Dealer_Hedging,483000.0
2323,中環,2019-08-22,999.0,Dealer_self,52000.0
2323,中環,2019-08-22,0.0,Foreign_Dealer_Self,0.0
2323,中環,2019-08-22,4368000.0,Foreign_Investor,3084000.0
2323,中環,2019-08-22,0.0,Investment_Trust,0.0
2323,中環,2019-08-23,871000.0,Dealer_Hedging,128000.0
2323,中環,2019-08-23,0.0,Dealer_self,26000.0
2323,中環,2019-08-23,0.0,Foreign_Dealer_Self,0.0
2323,中環,2019-08-23,7093000.0,Foreign_Investor,1318000.0
2323,中環,2019-08-23,0.0,Investment_Trust,0.0
2323,中環,2019-08-24,0.0,Dealer_Hedging,0.0
2323,中環,2019-08-24,12000.0,Dealer_self,3000.0
2323,中環,2019-08-24,0.0,Foreign_Dealer_Self,0.0
2323,中環,2019-08-24,835000.0,Foreign_Investor,341000.0
2323,中環,2019-08-24,0.0,Investment_Trust,0.0
2323,中環,2019-08-26,26000.0,Dealer_Hedging,817000.0
2323,中環,2019-08-26,90000.0,Dealer_self,5000.0
2323,中環,2019-08-26,0.0,Foreign_Dealer_Self,0.0
2323,中環,2019-08-26,3472000.0,Foreign_Investor,3834000.0
2323,中環,2019-08-26,0.0,Investment_Trust,0.0
2323,中環,2019-08-27,38000.0,Dealer_Hedging,67000.0
2323,中環,2019-08-27,4000.0,Dealer_self,32000.0
2323,中環,2019-08-27,0.0,Foreign_Dealer_Self,0.0
2323,中環,2019-08-27,5392000.0,Foreign_Investor,1015876.0
2323,中環,2019-08-27,0.0,Investment_Trust,0.0
2323,中環,2019-08-28,249000.0,Dealer_Hedging,79000.0
2323,中環,2019-08-28,12000.0,Dealer_self,1000.0
2323,中環,2019-08-28,0.0,Foreign_Dealer_Self,0.0
2323,中環,2019-08-28,6192000.0,Foreign_Investor,2059000.0
2323,中環,2019-08-28,0.0,Investment_Trust,0.0
2323,中環,2019-08-29,3204000.0,Dealer_Hedging,60000.0
2323,中環,2019-08-29,72000.0,Dealer_self,50000.0
2323,中環,2019-08-29,0.0,Foreign_Dealer_Self,0.0
2323,中環,2019-08-29,16354489.0,Foreign_Investor,3883565.0
2323,中環,2019-08-29,0.0,Investment_Trust,0.0
2323,中環,2019-08-30,665000.0,Dealer_Hedging,2122000.0
2323,中環,2019-08-30,11000.0,Dealer_self,46000.0
2323,中環,2019-08-30,0.0,Foreign_Dealer_Self,0.0
2323,中環,2019-08-30,15864000.0,Foreign_Investor,3642000.0
2323,中環,2019-08-30,0.0,Investment_Trust,3000.0
2323,中環,2019-09-02,2203000.0,Dealer_Hedging,346000.0
2323,中環,2019-09-02,25000.0,Dealer_self,28000.0
2323,中環,2019-09-02,0.0,Foreign_Dealer_Self,0.0
2323,中環,2019-09-02,11460693.0,Foreign_Investor,1767000.0
2323,中環,2019-09-02,0.0,Investment_Trust,0.0
2323,中環,2019-09-03,3699000.0,Dealer_Hedging,1942000.0
2323,中環,2019-09-03,193000.0,Dealer_self,113000.0
2323,中環,2019-09-03,0.0,Foreign_Dealer_Self,0.0
2323,中環,2019-09-03,22122000.0,Foreign_Investor,4333000.0
2323,中環,2019-09-03,0.0,Investment_Trust,0.0
2323,中環,2019-09-04,2422000.0,Dealer_Hedging,2777000.0
2323,中環,2019-09-04,40000.0,Dealer_self,1192999.0
2323,中環,2019-09-04,0.0,Foreign_Dealer_Self,0.0
2323,中環,2019-09-04,24124000.0,Foreign_Investor,4666000.0
2323,中環,2019-09-04,0.0,Investment_Trust,0.0
2323,中環,2019-09-05,819000.0,Dealer_Hedging,3210000.0
2323,中環,2019-09-05,191000.0,Dealer_self,66000.0
2323,中環,2019-09-05,0.0,Foreign_Dealer_Self,0.0
2323,中環,2019-09-05,40850000.0,Foreign_Investor,10738000.0
2323,中環,2019-09-05,0.0,Investment_Trust,0.0
2323,中環,2019-09-06,967000.0,Dealer_Hedging,910000.0
2323,中環,2019-09-06,680000.0,Dealer_self,244000.0
2323,中環,2019-09-06,0.0,Foreign_Dealer_Self,0.0
2323,中環,2019-09-06,25923000.0,Foreign_Investor,3645000.0
2323,中環,2019-09-06,0.0,Investment_Trust,3000.0
2323,中環,2019-09-09,163000.0,Dealer_Hedging,158000.0
2323,中環,2019-09-09,569000.0,Dealer_self,0.0
2323,中環,2019-09-09,0.0,Foreign_Dealer_Self,0.0
2323,中環,2019-09-09,8132000.0,Foreign_Investor,14867000.0
2323,中環,2019-09-09,0.0,Investment_Trust,0.0
2323,中環,2019-09-10,309000.0,Dealer_Hedging,542000.0
2323,中環,2019-09-10,228000.0,Dealer_self,340000.0
2323,中環,2019-09-10,0.0,Foreign_Dealer_Self,0.0
2323,中環,2019-09-10,13616000.0,Foreign_Investor,5009000.0
2323,中環,2019-09-10,0.0,Investment_Trust,0.0
2323,中環,2019-09-11,556000.0,Dealer_Hedging,651000.0
2323,中環,2019-09-11,584000.0,Dealer_self,394000.0
2323,中環,2019-09-11,0.0,Foreign_Dealer_Self,0.0
2323,中環,2019-09-11,14735000.0,Foreign_Investor,12068000.0
2323,中環,2019-09-11,0.0,Investment_Trust,0.0
2323,中環,2019-09-12,88000.0,Dealer_Hedging,291000.0
2323,中環,2019-09-12,137000.0,Dealer_self,416000.0
2323,中環,2019-09-12,0.0,Foreign_Dealer_Self,0.0
2323,中環,2019-09-12,6541000.0,Foreign_Investor,8485000.0
2323,中環,2019-09-12,0.0,Investment_Trust,0.0
2323,中環,2019-09-16,155000.0,Dealer_Hedging,664000.0
2323,中環,2019-09-16,123000.0,Dealer_self,241000.0
2323,中環,2019-09-16,0.0,Foreign_Dealer_Self,0.0
2323,中環,2019-09-16,4748000.0,Foreign_Investor,6786000.0
2323,中環,2019-09-16,0.0,Investment_Trust,0.0
2323,中環,2019-09-17,489000.0,Dealer_Hedging,23000.0
2323,中環,2019-09-17,42000.0,Dealer_self,12000.0
2323,中環,2019-09-17,0.0,Foreign_Dealer_Self,0.0
2323,中環,2019-09-17,2809000.0,Foreign_Investor,4865000.0
2323,中環,2019-09-17,0.0,Investment_Trust,3000.0
2323,中環,2019-09-18,40000.0,Dealer_Hedging,539000.0
2323,中環,2019-09-18,118000.0,Dealer_self,138000.0
2323,中環,2019-09-18,0.0,Foreign_Dealer_Self,0.0
2323,中環,2019-09-18,4064000.0,Foreign_Investor,5280000.0
2323,中環,2019-09-18,0.0,Investment_Trust,0.0
2323,中環,2019-10-01,140000.0,Dealer_Hedging,722000.0
2323,中環,2019-10-01,251000.0,Dealer_self,303000.0
2323,中環,2019-10-01,0.0,Foreign_Dealer_Self,0.0
2323,中環,2019-10-01,13798470.0,Foreign_Investor,16966470.0
2323,中環,2019-10-01,0.0,Investment_Trust,0.0
2323,中環,2019-10-02,583000.0,Dealer_Hedging,198000.0
2323,中環,2019-10-02,141000.0,Dealer_self,94000.0
2323,中環,2019-10-02,0.0,Foreign_Dealer_Self,0.0
2323,中環,2019-10-02,2188000.0,Foreign_Investor,5775000.0
2323,中環,2019-10-02,0.0,Investment_Trust,0.0
2323,中環,2019-10-03,208000.0,Dealer_Hedging,338000.0
2323,中環,2019-10-03,155000.0,Dealer_self,33000.0
2323,中環,2019-10-03,0.0,Foreign_Dealer_Self,0.0
2323,中環,2019-10-03,1736000.0,Foreign_Investor,1716001.0
2323,中環,2019-10-03,0.0,Investment_Trust,0.0
2323,中環,2019-10-04,96000.0,Dealer_Hedging,107000.0
2323,中環,2019-10-04,15000.0,Dealer_self,48000.0
2323,中環,2019-10-04,0.0,Foreign_Dealer_Self,0.0
2323,中環,2019-10-04,963115.0,Foreign_Investor,3024000.0
2323,中環,2019-10-04,0.0,Investment_Trust,0.0
2323,中環,2019-10-07,63000.0,Dealer_Hedging,434000.0
2323,中環,2019-10-07,0.0,Dealer_self,66000.0
2323,中環,2019-10-07,0.0,Foreign_Dealer_Self,0.0
2323,中環,2019-10-07,909935.0,Foreign_Investor,797179.0
2323,中環,2019-10-07,0.0,Investment_Trust,0.0
2323,中環,2019-10-08,622000.0,Dealer_Hedging,87000.0
2323,中環,2019-10-08,1000.0,Dealer_self,80000.0
2323,中環,2019-10-08,0.0,Foreign_Dealer_Self,0.0
2323,中環,2019-10-08,1794000.0,Foreign_Investor,2790461.0
2323,中環,2019-10-08,0.0,Investment_Trust,0.0
2323,中環,2019-10-09,21000.0,Dealer_Hedging,527000.0
2323,中環,2019-10-09,34000.0,Dealer_self,27000.0
2323,中環,2019-10-09,0.0,Foreign_Dealer_Self,0.0
2323,中環,2019-10-09,1416000.0,Foreign_Investor,1679000.0
2323,中環,2019-10-09,0.0,Investment_Trust,0.0
2323,中環,2019-10-14,61000.0,Dealer_Hedging,195000.0
2323,中環,2019-10-14,12000.0,Dealer_self,57000.0
2323,中環,2019-10-14,0.0,Foreign_Dealer_Self,0.0
2323,中環,2019-10-14,436000.0,Foreign_Investor,701070.0
2323,中環,2019-10-14,0.0,Investment_Trust,0.0
2323,中環,2019-10-15,267000.0,Dealer_Hedging,240000.0
2323,中環,2019-10-15,145000.0,Dealer_self,42000.0
2323,中環,2019-10-15,0.0,Foreign_Dealer_Self,0.0
2323,中環,2019-10-15,2446000.0,Foreign_Investor,1358000.0
2323,中環,2019-10-15,0.0,Investment_Trust,0.0
2323,中環,2019-10-16,463000.0,Dealer_Hedging,203027.0
2323,中環,2019-10-16,232000.0,Dealer_self,201000.0
2323,中環,2019-10-16,0.0,Foreign_Dealer_Self,0.0
2323,中環,2019-10-16,2621000.0,Foreign_Investor,4170451.0
2323,中環,2019-10-16,0.0,Investment_Trust,0.0
2323,中環,2019-10-17,26000.0,Dealer_Hedging,376000.0
2323,中環,2019-10-17,6000.0,Dealer_self,0.0
2323,中環,2019-10-17,0.0,Foreign_Dealer_Self,0.0
2323,中環,2019-10-17,1560000.0,Foreign_Investor,797000.0
2323,中環,2019-10-17,0.0,Investment_Trust,0.0
2323,中環,2019-10-18,299000.0,Dealer_Hedging,89000.0
2323,中環,2019-10-18,34000.0,Dealer_self,5000.0
2323,中環,2019-10-18,0.0,Foreign_Dealer_Self,0.0
2323,中環,2019-10-18,1096000.0,Foreign_Investor,619800.0
2323,中環,2019-10-18,0.0,Investment_Trust,0.0
2323,中環,2019-10-21,1685000.0,Dealer_Hedging,344000.0
2323,中環,2019-10-21,117000.0,Dealer_self,52000.0
2323,中環,2019-10-21,0.0,Foreign_Dealer_Self,0.0
2323,中環,2019-10-21,1138000.0,Foreign_Investor,2288000.0
2323,中環,2019-10-21,0.0,Investment_Trust,0.0
2323,中環,2019-10-22,266000.0,Dealer_Hedging,1137000.0
2323,中環,2019-10-22,74000.0,Dealer_self,26000.0
2323,中環,2019-10-22,0.0,Foreign_Dealer_Self,0.0
2323,中環,2019-10-22,326000.0,Foreign_Investor,7875000.0
2323,中環,2019-10-22,0.0,Investment_Trust,0.0
2323,中環,2019-10-23,590000.0,Dealer_Hedging,168000.0
2323,中環,2019-10-23,62000.0,Dealer_self,12000.0
2323,中環,2019-10-23,0.0,Foreign_Dealer_Self,0.0
2323,中環,2019-10-23,919000.0,Foreign_Investor,3089000.0
2323,中環,2019-10-23,0.0,Investment_Trust,0.0
2323,中環,2019-10-24,90000.0,Dealer_Hedging,483000.0
2323,中環,2019-10-24,22000.0,Dealer_self,4728.0
2323,中環,2019-10-24,0.0,Foreign_Dealer_Self,0.0
2323,中環,2019-10-24,522000.0,Foreign_Investor,563000.0
2323,中環,2019-10-24,0.0,Investment_Trust,0.0
2323,中環,2019-10-25,331000.0,Dealer_Hedging,297000.0
2323,中環,2019-10-25,54000.0,Dealer_self,78000.0
2323,中環,2019-10-25,0.0,Foreign_Dealer_Self,0.0
2323,中環,2019-10-25,580000.0,Foreign_Investor,1222000.0
2323,中環,2019-10-25,0.0,Investment_Trust,0.0
2323,中環,2019-10-26,0.0,Dealer_Hedging,0.0
2323,中環,2019-10-26,12000.0,Dealer_self,3000.0
2323,中環,2019-10-26,0.0,Foreign_Dealer_Self,0.0
2323,中環,2019-10-26,835000.0,Foreign_Investor,341000.0
2323,中環,2019-10-26,0.0,Investment_Trust,0.0
2323,中環,2019-10-28,1095000.0,Dealer_Hedging,104000.0
2323,中環,2019-10-28,67000.0,Dealer_self,48000.0
2323,中環,2019-10-28,0.0,Foreign_Dealer_Self,0.0
2323,中環,2019-10-28,640000.0,Foreign_Investor,2988000.0
2323,中環,2019-10-28,0.0,Investment_Trust,0.0
2323,中環,2019-10-29,29000.0,Dealer_Hedging,497000.0
2323,中環,2019-10-29,0.0,Dealer_self,90000.0
2323,中環,2019-10-29,0.0,Foreign_Dealer_Self,0.0
2323,中環,2019-10-29,660000.0,Foreign_Investor,1588000.0
2323,中環,2019-10-29,0.0,Investment_Trust,0.0
2323,中環,2019-10-30,68000.0,Dealer_Hedging,315000.0
2323,中環,2019-10-30,92000.0,Dealer_self,0.0
2323,中環,2019-10-30,0.0,Foreign_Dealer_Self,0.0
2323,中環,2019-10-30,1020000.0,Foreign_Investor,1700000.0
2323,中環,2019-10-30,0.0,Investment_Trust,0.0
2323,中環,2019-10-31,620000.0,Dealer_Hedging,195000.0
2323,中環,2019-10-31,0.0,Dealer_self,0.0
2323,中環,2019-10-31,0.0,Foreign_Dealer_Self,0.0
2323,中環,2019-10-31,498000.0,Foreign_Investor,1526000.0
2323,中環,2019-10-31,0.0,Investment_Trust,0.0
2323,中環,2019-11-01,0.0,Dealer_Hedging,400000.0
2323,中環,2019-11-01,2000.0,Dealer_self,0.0
2323,中環,2019-11-01,0.0,Foreign_Dealer_Self,0.0
2323,中環,2019-11-01,437000.0,Foreign_Investor,705000.0
2323,中環,2019-11-01,0.0,Investment_Trust,0.0
2323,中環,2019-11-04,20000.0,Dealer_Hedging,136000.0
2323,中環,2019-11-04,12000.0,Dealer_self,42000.0
2323,中環,2019-11-04,0.0,Foreign_Dealer_Self,0.0
2323,中環,2019-11-04,817000.0,Foreign_Investor,1701000.0
2323,中環,2019-11-04,0.0,Investment_Trust,0.0
2323,中環,2019-11-05,834000.0,Dealer_Hedging,61000.0
2323,中環,2019-11-05,0.0,Dealer_self,18000.0
2323,中環,2019-11-05,0.0,Foreign_Dealer_Self,0.0
2323,中環,2019-11-05,582000.0,Foreign_Investor,1887000.0
2323,中環,2019-11-05,0.0,Investment_Trust,0.0
2323,中環,2019-11-06,9000.0,Dealer_Hedging,740000.0
2323,中環,2019-11-06,1000.0,Dealer_self,84000.0
2323,中環,2019-11-06,0.0,Foreign_Dealer_Self,0.0
2323,中環,2019-11-06,291000.0,Foreign_Investor,1636569.0
2323,中環,2019-11-06,0.0,Investment_Trust,0.0
2323,中環,2019-11-07,34000.0,Dealer_Hedging,166000.0
2323,中環,2019-11-07,0.0,Dealer_self,30000.0
2323,中環,2019-11-07,0.0,Foreign_Dealer_Self,0.0
2323,中環,2019-11-07,390000.0,Foreign_Investor,1818625.0
2323,中環,2019-11-07,0.0,Investment_Trust,0.0
2323,中環,2019-11-08,210000.0,Dealer_Hedging,224000.0
2323,中環,2019-11-08,0.0,Dealer_self,48000.0
2323,中環,2019-11-08,0.0,Foreign_Dealer_Self,0.0
2323,中環,2019-11-08,617000.0,Foreign_Investor,1724000.0
2323,中環,2019-11-08,0.0,Investment_Trust,0.0
2323,中環,2019-11-11,39000.0,Dealer_Hedging,345000.0
2323,中環,2019-11-11,1000.0,Dealer_self,50000.0
2323,中環,2019-11-11,0.0,Foreign_Dealer_Self,0.0
2323,中環,2019-11-11,1043000.0,Foreign_Investor,2483000.0
2323,中環,2019-11-11,0.0,Investment_Trust,0.0
2323,中環,2019-11-12,172000.0,Dealer_Hedging,127000.0
2323,中環,2019-11-12,2000.0,Dealer_self,35000.0
2323,中環,2019-11-12,0.0,Foreign_Dealer_Self,0.0
2323,中環,2019-11-12,2749000.0,Foreign_Investor,985000.0
2323,中環,2019-11-12,0.0,Investment_Trust,0.0
2323,中環,2019-11-13,21000.0,Dealer_Hedging,46000.0
2323,中環,2019-11-13,0.0,Dealer_self,54000.0
2323,中環,2019-11-13,0.0,Foreign_Dealer_Self,0.0
2323,中環,2019-11-13,1942000.0,Foreign_Investor,1562504.0
2323,中環,2019-11-13,0.0,Investment_Trust,0.0
2323,中環,2019-11-14,137000.0,Dealer_Hedging,58000.0
2323,中環,2019-11-14,1000.0,Dealer_self,0.0
2323,中環,2019-11-14,0.0,Foreign_Dealer_Self,0.0
2323,中環,2019-11-14,174000.0,Foreign_Investor,1372000.0
2323,中環,2019-11-14,0.0,Investment_Trust,0.0
2323,中環,2019-11-15,94000.0,Dealer_Hedging,331000.0
2323,中環,2019-11-15,111000.0,Dealer_self,10000.0
2323,中環,2019-11-15,0.0,Foreign_Dealer_Self,0.0
2323,中環,2019-11-15,1384000.0,Foreign_Investor,4343532.0
2323,中環,2019-11-15,0.0,Investment_Trust,0.0
2323,中環,2019-11-18,672000.0,Dealer_Hedging,116000.0
2323,中環,2019-11-18,20000.0,Dealer_self,6000.0
2323,中環,2019-11-18,0.0,Foreign_Dealer_Self,0.0
2323,中環,2019-11-18,1284000.0,Foreign_Investor,514000.0
2323,中環,2019-11-18,0.0,Investment_Trust,0.0
2323,中環,2019-11-19,175000.0,Dealer_Hedging,559000.0
2323,中環,2019-11-19,9000.0,Dealer_self,11000.0
2323,中環,2019-11-19,0.0,Foreign_Dealer_Self,0.0
2323,中環,2019-11-19,1088000.0,Foreign_Investor,977000.0
2323,中環,2019-11-19,0.0,Investment_Trust,0.0
2323,中環,2019-11-20,139000.0,Dealer_Hedging,99000.0
2323,中環,2019-11-20,35000.0,Dealer_self,85000.0
2323,中環,2019-11-20,0.0,Foreign_Dealer_Self,0.0
2323,中環,2019-11-20,365000.0,Foreign_Investor,1117000.0
2323,中環,2019-11-20,0.0,Investment_Trust,0.0
2323,中環,2019-11-21,20000.0,Dealer_Hedging,101000.0
2323,中環,2019-11-21,24000.0,Dealer_self,1000.0
2323,中環,2019-11-21,0.0,Foreign_Dealer_Self,0.0
2323,中環,2019-11-21,326000.0,Foreign_Investor,2286000.0
2323,中環,2019-11-21,0.0,Investment_Trust,0.0
2323,中環,2019-11-22,0.0,Dealer_Hedging,47000.0
2323,中環,2019-11-22,28000.0,Dealer_self,0.0
2323,中環,2019-11-22,0.0,Foreign_Dealer_Self,0.0
2323,中環,2019-11-22,432000.0,Foreign_Investor,288000.0
2323,中環,2019-11-22,0.0,Investment_Trust,0.0
2323,中環,2019-11-25,1606000.0,Dealer_Hedging,177000.0
2323,中環,2019-11-25,326000.0,Dealer_self,17000.0
2323,中環,2019-11-25,0.0,Foreign_Dealer_Self,0.0
2323,中環,2019-11-25,1409000.0,Foreign_Investor,2929000.0
2323,中環,2019-11-25,0.0,Investment_Trust,0.0
2323,中環,2019-11-26,20000.0,Dealer_Hedging,1239000.0
2323,中環,2019-11-26,144000.0,Dealer_self,0.0
2323,中環,2019-11-26,0.0,Foreign_Dealer_Self,0.0
2323,中環,2019-11-26,152000.0,Foreign_Investor,4051000.0
2323,中環,2019-11-26,0.0,Investment_Trust,0.0
2323,中環,2019-11-27,612000.0,Dealer_Hedging,110000.0
2323,中環,2019-11-27,192000.0,Dealer_self,0.0
2323,中環,2019-11-27,0.0,Foreign_Dealer_Self,0.0
2323,中環,2019-11-27,293000.0,Foreign_Investor,4296000.0
2323,中環,2019-11-27,0.0,Investment_Trust,0.0
2323,中環,2019-11-28,27000.0,Dealer_Hedging,330000.0
2323,中環,2019-11-28,75000.0,Dealer_self,0.0
2323,中環,2019-11-28,0.0,Foreign_Dealer_Self,0.0
2323,中環,2019-11-28,104000.0,Foreign_Investor,1309000.0
2323,中環,2019-11-28,0.0,Investment_Trust,0.0
2323,中環,2019-11-29,19000.0,Dealer_Hedging,186000.0
2323,中環,2019-11-29,10000.0,Dealer_self,5000.0
2323,中環,2019-11-29,0.0,Foreign_Dealer_Self,0.0
2323,中環,2019-11-29,2505000.0,Foreign_Investor,969000.0
2323,中環,2019-11-29,0.0,Investment_Trust,0.0
2323,中環,2019-12-02,1752000.0,Dealer_Hedging,41000.0
2323,中環,2019-12-02,92000.0,Dealer_self,132000.0
2323,中環,2019-12-02,0.0,Foreign_Dealer_Self,0.0
2323,中環,2019-12-02,669000.0,Foreign_Investor,5372000.0
2323,中環,2019-12-02,0.0,Investment_Trust,0.0
2323,中環,2019-12-03,79000.0,Dealer_Hedging,1432000.0
2323,中環,2019-12-03,4000.0,Dealer_self,29000.0
2323,中環,2019-12-03,0.0,Foreign_Dealer_Self,0.0
2323,中環,2019-12-03,2000.0,Foreign_Investor,5108000.0
2323,中環,2019-12-03,0.0,Investment_Trust,0.0
2323,中環,2019-12-04,94000.0,Dealer_Hedging,146000.0
2323,中環,2019-12-04,8000.0,Dealer_self,14000.0
2323,中環,2019-12-04,0.0,Foreign_Dealer_Self,0.0
2323,中環,2019-12-04,233000.0,Foreign_Investor,4731020.0
2323,中環,2019-12-04,0.0,Investment_Trust,0.0
2323,中環,2019-12-05,137000.0,Dealer_Hedging,91000.0
2323,中環,2019-12-05,4000.0,Dealer_self,322000.0
2323,中環,2019-12-05,0.0,Foreign_Dealer_Self,0.0
2323,中環,2019-12-05,312000.0,Foreign_Investor,3455000.0
2323,中環,2019-12-05,0.0,Investment_Trust,0.0
2323,中環,2019-12-06,518000.0,Dealer_Hedging,168000.0
2323,中環,2019-12-06,16000.0,Dealer_self,712336.0
2323,中環,2019-12-06,0.0,Foreign_Dealer_Self,0.0
2323,中環,2019-12-06,3254000.0,Foreign_Investor,5693000.0
2323,中環,2019-12-06,0.0,Investment_Trust,0.0
2323,中環,2019-12-09,53000.0,Dealer_Hedging,626000.0
2323,中環,2019-12-09,32000.0,Dealer_self,0.0
2323,中環,2019-12-09,0.0,Foreign_Dealer_Self,0.0
2323,中環,2019-12-09,1013000.0,Foreign_Investor,1441000.0
2323,中環,2019-12-09,0.0,Investment_Trust,0.0
2323,中環,2019-12-10,0.0,Dealer_Hedging,223000.0
2323,中環,2019-12-10,11000.0,Dealer_self,22000.0
2323,中環,2019-12-10,0.0,Foreign_Dealer_Self,0.0
2323,中環,2019-12-10,527000.0,Foreign_Investor,1141000.0
2323,中環,2019-12-10,0.0,Investment_Trust,0.0
2323,中環,2019-12-11,148000.0,Dealer_Hedging,39000.0
2323,中環,2019-12-11,0.0,Dealer_self,8000.0
2323,中環,2019-12-11,0.0,Foreign_Dealer_Self,0.0
2323,中環,2019-12-11,262000.0,Foreign_Investor,3382000.0
2323,中環,2019-12-11,0.0,Investment_Trust,0.0
2323,中環,2019-12-12,0.0,Dealer_Hedging,208000.0
2323,中環,2019-12-12,25000.0,Dealer_self,16000.0
2323,中環,2019-12-12,0.0,Foreign_Dealer_Self,0.0
2323,中環,2019-12-12,852000.0,Foreign_Investor,1676000.0
2323,中環,2019-12-12,0.0,Investment_Trust,0.0
2323,中環,2019-12-13,31000.0,Dealer_Hedging,114000.0
2323,中環,2019-12-13,45000.0,Dealer_self,7000.0
2323,中環,2019-12-13,0.0,Foreign_Dealer_Self,0.0
2323,中環,2019-12-13,918000.0,Foreign_Investor,3925000.0
2323,中環,2019-12-13,0.0,Investment_Trust,0.0
2323,中環,2019-12-16,833000.0,Dealer_Hedging,27000.0
2323,中環,2019-12-16,6000.0,Dealer_self,32000.0
2323,中環,2019-12-16,0.0,Foreign_Dealer_Self,0.0
2323,中環,2019-12-16,2939000.0,Foreign_Investor,2224000.0
2323,中環,2019-12-16,0.0,Investment_Trust,0.0
2323,中環,2019-12-17,3000.0,Dealer_Hedging,634000.0
2323,中環,2019-12-17,151000.0,Dealer_self,9000.0
2323,中環,2019-12-17,0.0,Foreign_Dealer_Self,0.0
2323,中環,2019-12-17,443000.0,Foreign_Investor,4813300.0
2323,中環,2019-12-17,1000.0,Investment_Trust,0.0
2323,中環,2019-12-18,0.0,Dealer_Hedging,77000.0
2323,中環,2019-12-18,12000.0,Dealer_self,673000.0
2323,中環,2019-12-18,0.0,Foreign_Dealer_Self,0.0
2323,中環,2019-12-18,879000.0,Foreign_Investor,2268000.0
2323,中環,2019-12-18,0.0,Investment_Trust,0.0
2323,中環,2019-12-19,144000.0,Dealer_Hedging,23000.0
2323,中環,2019-12-19,55000.0,Dealer_self,67000.0
2323,中環,2019-12-19,0.0,Foreign_Dealer_Self,0.0
2323,中環,2019-12-19,444000.0,Foreign_Investor,4747403.0
2323,中環,2019-12-19,0.0,Investment_Trust,0.0
2323,中環,2019-12-20,0.0,Dealer_Hedging,104000.0
2323,中環,2019-12-20,327000.0,Dealer_self,2000.0
2323,中環,2019-12-20,0.0,Foreign_Dealer_Self,0.0
2323,中環,2019-12-20,512000.0,Foreign_Investor,4951000.0
2323,中環,2019-12-20,4000.0,Investment_Trust,0.0
2323,中環,2019-12-23,28000.0,Dealer_Hedging,89000.0
2323,中環,2019-12-23,26000.0,Dealer_self,0.0
2323,中環,2019-12-23,0.0,Foreign_Dealer_Self,0.0
2323,中環,2019-12-23,300472.0,Foreign_Investor,2511550.0
2323,中環,2019-12-23,4000.0,Investment_Trust,0.0
2323,中環,2019-12-24,393000.0,Dealer_Hedging,53000.0
2323,中環,2019-12-24,162000.0,Dealer_self,296000.0
2323,中環,2019-12-24,0.0,Foreign_Dealer_Self,0.0
2323,中環,2019-12-24,296000.0,Foreign_Investor,4321000.0
2323,中環,2019-12-24,0.0,Investment_Trust,0.0
2323,中環,2019-12-25,0.0,Dealer_Hedging,210000.0
2323,中環,2019-12-25,0.0,Dealer_self,14000.0
2323,中環,2019-12-25,0.0,Foreign_Dealer_Self,0.0
2323,中環,2019-12-25,225000.0,Foreign_Investor,930000.0
2323,中環,2019-12-25,0.0,Investment_Trust,0.0
2323,中環,2019-12-26,2000.0,Dealer_Hedging,44000.0
2323,中環,2019-12-26,0.0,Dealer_self,0.0
2323,中環,2019-12-26,0.0,Foreign_Dealer_Self,0.0
2323,中環,2019-12-26,314000.0,Foreign_Investor,2373000.0
2323,中環,2019-12-26,0.0,Investment_Trust,0.0
2323,中環,2019-12-27,240000.0,Dealer_Hedging,62000.0
2323,中環,2019-12-27,1000.0,Dealer_self,12000.0
2323,中環,2019-12-27,0.0,Foreign_Dealer_Self,0.0
2323,中環,2019-12-27,1537000.0,Foreign_Investor,2514000.0
2323,中環,2019-12-27,0.0,Investment_Trust,0.0
2323,中環,2019-12-30,90000.0,Dealer_Hedging,64000.0
2323,中環,2019-12-30,3000.0,Dealer_self,0.0
2323,中環,2019-12-30,0.0,Foreign_Dealer_Self,0.0
2323,中環,2019-12-30,500000.0,Foreign_Investor,2904000.0
2323,中環,2019-12-30,0.0,Investment_Trust,0.0
2323,中環,2019-12-31,38000.0,Dealer_Hedging,61000.0
2323,中環,2019-12-31,4000.0,Dealer_self,17000.0
2323,中環,2019-12-31,0.0,Foreign_Dealer_Self,0.0
2323,中環,2019-12-31,395000.0,Foreign_Investor,1432000.0
2323,中環,2019-12-31,0.0,Investment_Trust,0.0
2323,中環,2020-01-02,124000.0,Dealer_Hedging,0.0
2323,中環,2020-01-02,28000.0,Dealer_self,1000.0
2323,中環,2020-01-02,0.0,Foreign_Dealer_Self,0.0
2323,中環,2020-01-02,853000.0,Foreign_Investor,1901000.0
2323,中環,2020-01-02,0.0,Investment_Trust,0.0
2323,中環,2020-01-03,684000.0,Dealer_Hedging,59000.0
2323,中環,2020-01-03,38000.0,Dealer_self,136000.0
2323,中環,2020-01-03,0.0,Foreign_Dealer_Self,0.0
2323,中環,2020-01-03,2309000.0,Foreign_Investor,6625000.0
2323,中環,2020-01-03,0.0,Investment_Trust,0.0
2323,中環,2020-01-06,14000.0,Dealer_Hedging,717000.0
2323,中環,2020-01-06,11000.0,Dealer_self,23000.0
2323,中環,2020-01-06,0.0,Foreign_Dealer_Self,0.0
2323,中環,2020-01-06,276000.0,Foreign_Investor,5070042.0
2323,中環,2020-01-06,72000.0,Investment_Trust,0.0
2323,中環,2020-01-07,0.0,Dealer_Hedging,141000.0
2323,中環,2020-01-07,0.0,Dealer_self,18000.0
2323,中環,2020-01-07,0.0,Foreign_Dealer_Self,0.0
2323,中環,2020-01-07,697000.0,Foreign_Investor,2369429.0
2323,中環,2020-01-07,64000.0,Investment_Trust,0.0
2323,中環,2020-01-08,0.0,Dealer_Hedging,207000.0
2323,中環,2020-01-08,5000.0,Dealer_self,47000.0
2323,中環,2020-01-08,0.0,Foreign_Dealer_Self,0.0
2323,中環,2020-01-08,525000.0,Foreign_Investor,1787000.0
2323,中環,2020-01-08,0.0,Investment_Trust,0.0
2323,中環,2020-01-09,198000.0,Dealer_Hedging,173000.0
2323,中環,2020-01-09,95000.0,Dealer_self,17000.0
2323,中環,2020-01-09,0.0,Foreign_Dealer_Self,0.0
2323,中環,2020-01-09,1618000.0,Foreign_Investor,1050000.0
2323,中環,2020-01-09,0.0,Investment_Trust,0.0
2323,中環,2020-01-10,44000.0,Dealer_Hedging,251000.0
2323,中環,2020-01-10,2000.0,Dealer_self,57000.0
2323,中環,2020-01-10,0.0,Foreign_Dealer_Self,0.0
2323,中環,2020-01-10,338782.0,Foreign_Investor,1365000.0
2323,中環,2020-01-10,0.0,Investment_Trust,0.0
2323,中環,2020-01-13,134000.0,Dealer_Hedging,38000.0
2323,中環,2020-01-13,0.0,Dealer_self,2000.0
2323,中環,2020-01-13,0.0,Foreign_Dealer_Self,0.0
2323,中環,2020-01-13,1138000.0,Foreign_Investor,1123000.0
2323,中環,2020-01-13,0.0,Investment_Trust,0.0
2323,中環,2020-01-14,221000.0,Dealer_Hedging,0.0
2323,中環,2020-01-14,8000.0,Dealer_self,99000.0
2323,中環,2020-01-14,0.0,Foreign_Dealer_Self,0.0
2323,中環,2020-01-14,1775000.0,Foreign_Investor,780000.0
2323,中環,2020-01-14,0.0,Investment_Trust,0.0
2323,中環,2020-01-15,158000.0,Dealer_Hedging,237000.0
2323,中環,2020-01-15,2000.0,Dealer_self,657000.0
2323,中環,2020-01-15,0.0,Foreign_Dealer_Self,0.0
2323,中環,2020-01-15,1607000.0,Foreign_Investor,1306000.0
2323,中環,2020-01-15,0.0,Investment_Trust,0.0
2323,中環,2020-01-16,203000.0,Dealer_Hedging,414000.0
2323,中環,2020-01-16,0.0,Dealer_self,9000.0
2323,中環,2020-01-16,0.0,Foreign_Dealer_Self,0.0
2323,中環,2020-01-16,776000.0,Foreign_Investor,661000.0
2323,中環,2020-01-16,0.0,Investment_Trust,0.0
2323,中環,2020-01-17,99000.0,Dealer_Hedging,58000.0
2323,中環,2020-01-17,0.0,Dealer_self,8000.0
2323,中環,2020-01-17,0.0,Foreign_Dealer_Self,0.0
2323,中環,2020-01-17,1730000.0,Foreign_Investor,890000.0
2323,中環,2020-01-17,0.0,Investment_Trust,0.0
2323,中環,2020-01-20,86000.0,Dealer_Hedging,73000.0
2323,中環,2020-01-20,0.0,Dealer_self,0.0
2323,中環,2020-01-20,0.0,Foreign_Dealer_Self,0.0
2323,中環,2020-01-20,795000.0,Foreign_Investor,453525.0
2323,中環,2020-01-20,16000.0,Investment_Trust,0.0
2323,中環,2020-01-30,83000.0,Dealer_Hedging,343000.0
2323,中環,2020-01-30,12000.0,Dealer_self,2000.0
2323,中環,2020-01-30,0.0,Foreign_Dealer_Self,0.0
2323,中環,2020-01-30,4081000.0,Foreign_Investor,1703000.0
2323,中環,2020-01-30,0.0,Investment_Trust,0.0
2323,中環,2020-01-31,147000.0,Dealer_Hedging,0.0
2323,中環,2020-01-31,39000.0,Dealer_self,7000.0
2323,中環,2020-01-31,0.0,Foreign_Dealer_Self,0.0
2323,中環,2020-01-31,1178000.0,Foreign_Investor,1108000.0
2323,中環,2020-01-31,0.0,Investment_Trust,0.0
2323,中環,2020-02-03,285000.0,Dealer_Hedging,200000.0
2323,中環,2020-02-03,40000.0,Dealer_self,15000.0
2323,中環,2020-02-03,0.0,Foreign_Dealer_Self,0.0
2323,中環,2020-02-03,4980000.0,Foreign_Investor,1750000.0
2323,中環,2020-02-03,0.0,Investment_Trust,0.0
2323,中環,2020-02-04,99000.0,Dealer_Hedging,76000.0
2323,中環,2020-02-04,21000.0,Dealer_self,54000.0
2323,中環,2020-02-04,0.0,Foreign_Dealer_Self,0.0
2323,中環,2020-02-04,7493002.0,Foreign_Investor,1374000.0
2323,中環,2020-02-04,5000.0,Investment_Trust,0.0
2323,中環,2020-02-05,186000.0,Dealer_Hedging,83000.0
2323,中環,2020-02-05,2000.0,Dealer_self,96000.0
2323,中環,2020-02-05,0.0,Foreign_Dealer_Self,0.0
2323,中環,2020-02-05,4375000.0,Foreign_Investor,3192000.0
2323,中環,2020-02-05,0.0,Investment_Trust,0.0
2323,中環,2020-02-06,788000.0,Dealer_Hedging,18000.0
2323,中環,2020-02-06,69000.0,Dealer_self,106000.0
2323,中環,2020-02-06,0.0,Foreign_Dealer_Self,0.0
2323,中環,2020-02-06,4032000.0,Foreign_Investor,511000.0
2323,中環,2020-02-06,0.0,Investment_Trust,0.0
2323,中環,2020-02-07,0.0,Dealer_Hedging,328000.0
2323,中環,2020-02-07,2000.0,Dealer_self,19000.0
2323,中環,2020-02-07,0.0,Foreign_Dealer_Self,0.0
2323,中環,2020-02-07,2699000.0,Foreign_Investor,1122000.0
2323,中環,2020-02-07,0.0,Investment_Trust,0.0
2323,中環,2020-02-10,519000.0,Dealer_Hedging,114000.0
2323,中環,2020-02-10,102000.0,Dealer_self,35000.0
2323,中環,2020-02-10,0.0,Foreign_Dealer_Self,0.0
2323,中環,2020-02-10,3855000.0,Foreign_Investor,1277000.0
2323,中環,2020-02-10,0.0,Investment_Trust,0.0
2323,中環,2020-02-11,935000.0,Dealer_Hedging,754000.0
2323,中環,2020-02-11,40000.0,Dealer_self,280000.0
2323,中環,2020-02-11,0.0,Foreign_Dealer_Self,0.0
2323,中環,2020-02-11,2483000.0,Foreign_Investor,9541000.0
2323,中環,2020-02-11,0.0,Investment_Trust,0.0
2323,中環,2020-02-12,18000.0,Dealer_Hedging,647000.0
2323,中環,2020-02-12,17000.0,Dealer_self,56000.0
2323,中環,2020-02-12,0.0,Foreign_Dealer_Self,0.0
2323,中環,2020-02-12,768000.0,Foreign_Investor,4037000.0
2323,中環,2020-02-12,0.0,Investment_Trust,0.0
2323,中環,2020-02-13,199000.0,Dealer_Hedging,67000.0
2323,中環,2020-02-13,0.0,Dealer_self,0.0
2323,中環,2020-02-13,0.0,Foreign_Dealer_Self,0.0
2323,中環,2020-02-13,1165000.0,Foreign_Investor,1681000.0
2323,中環,2020-02-13,7000.0,Investment_Trust,0.0
2323,中環,2020-02-14,28000.0,Dealer_Hedging,49000.0
2323,中環,2020-02-14,31000.0,Dealer_self,0.0
2323,中環,2020-02-14,0.0,Foreign_Dealer_Self,0.0
2323,中環,2020-02-14,1487000.0,Foreign_Investor,1536000.0
2323,中環,2020-02-14,0.0,Investment_Trust,0.0
2323,中環,2020-02-17,2000.0,Dealer_Hedging,16000.0
2323,中環,2020-02-17,17000.0,Dealer_self,0.0
2323,中環,2020-02-17,0.0,Foreign_Dealer_Self,0.0
2323,中環,2020-02-17,1475000.0,Foreign_Investor,583000.0
2323,中環,2020-02-17,0.0,Investment_Trust,0.0
2323,中環,2020-02-18,872000.0,Dealer_Hedging,165000.0
2323,中環,2020-02-18,45000.0,Dealer_self,21000.0
2323,中環,2020-02-18,0.0,Foreign_Dealer_Self,0.0
2323,中環,2020-02-18,3352000.0,Foreign_Investor,1193000.0
2323,中環,2020-02-18,0.0,Investment_Trust,0.0
2323,中環,2020-02-19,740000.0,Dealer_Hedging,1124280.0
2323,中環,2020-02-19,75000.0,Dealer_self,78000.0
2323,中環,2020-02-19,0.0,Foreign_Dealer_Self,0.0
2323,中環,2020-02-19,1245000.0,Foreign_Investor,5665698.0
2323,中環,2020-02-19,0.0,Investment_Trust,0.0
2323,中環,2020-02-20,17000.0,Dealer_Hedging,100000.0
2323,中環,2020-02-20,0.0,Dealer_self,216000.0
2323,中環,2020-02-20,0.0,Foreign_Dealer_Self,0.0
2323,中環,2020-02-20,602000.0,Foreign_Investor,1646453.0
2323,中環,2020-02-20,0.0,Investment_Trust,0.0
2323,中環,2020-02-21,0.0,Dealer_Hedging,195000.0
2323,中環,2020-02-21,0.0,Dealer_self,0.0
2323,中環,2020-02-21,0.0,Foreign_Dealer_Self,0.0
2323,中環,2020-02-21,607000.0,Foreign_Investor,646000.0
2323,中環,2020-02-21,0.0,Investment_Trust,0.0
2323,中環,2020-02-24,3000.0,Dealer_Hedging,216000.0
2323,中環,2020-02-24,5000.0,Dealer_self,22000.0
2323,中環,2020-02-24,0.0,Foreign_Dealer_Self,0.0
2323,中環,2020-02-24,607000.0,Foreign_Investor,2261000.0
2323,中環,2020-02-24,4000.0,Investment_Trust,0.0
2323,中環,2020-02-25,224000.0,Dealer_Hedging,52000.0
2323,中環,2020-02-25,74000.0,Dealer_self,2000.0
2323,中環,2020-02-25,0.0,Foreign_Dealer_Self,0.0
2323,中環,2020-02-25,2102000.0,Foreign_Investor,1245639.0
2323,中環,2020-02-25,5000.0,Investment_Trust,0.0
2323,中環,2020-02-26,24000.0,Dealer_Hedging,139000.0
2323,中環,2020-02-26,35000.0,Dealer_self,0.0
2323,中環,2020-02-26,0.0,Foreign_Dealer_Self,0.0
2323,中環,2020-02-26,675000.0,Foreign_Investor,1819000.0
2323,中環,2020-02-26,28000.0,Investment_Trust,0.0
2323,中環,2020-02-27,34000.0,Dealer_Hedging,333000.0
2323,中環,2020-02-27,27000.0,Dealer_self,459000.0
2323,中環,2020-02-27,0.0,Foreign_Dealer_Self,0.0
2323,中環,2020-02-27,1909000.0,Foreign_Investor,2106000.0
2323,中環,2020-02-27,2000.0,Investment_Trust,0.0
2323,中環,2020-03-02,168000.0,Dealer_Hedging,160000.0
2323,中環,2020-03-02,104000.0,Dealer_self,42000.0
2323,中環,2020-03-02,0.0,Foreign_Dealer_Self,0.0
2323,中環,2020-03-02,3116001.0,Foreign_Investor,4003000.0
2323,中環,2020-03-02,15000.0,Investment_Trust,0.0
2323,中環,2020-03-03,15000.0,Dealer_Hedging,91000.0
2323,中環,2020-03-03,0.0,Dealer_self,7000.0
2323,中環,2020-03-03,0.0,Foreign_Dealer_Self,0.0
2323,中環,2020-03-03,2867000.0,Foreign_Investor,1552379.0
2323,中環,2020-03-03,14000.0,Investment_Trust,0.0
2323,中環,2020-03-04,194000.0,Dealer_Hedging,0.0
2323,中環,2020-03-04,34000.0,Dealer_self,19000.0
2323,中環,2020-03-04,0.0,Foreign_Dealer_Self,0.0
2323,中環,2020-03-04,1685000.0,Foreign_Investor,1988000.0
2323,中環,2020-03-04,2000.0,Investment_Trust,0.0
2323,中環,2020-03-05,60000.0,Dealer_Hedging,25000.0
2323,中環,2020-03-05,0.0,Dealer_self,102000.0
2323,中環,2020-03-05,0.0,Foreign_Dealer_Self,0.0
2323,中環,2020-03-05,2269000.0,Foreign_Investor,1730512.0
2323,中環,2020-03-05,3000.0,Investment_Trust,0.0
2323,中環,2020-03-06,0.0,Dealer_Hedging,167000.0
2323,中環,2020-03-06,3000.0,Dealer_self,108000.0
2323,中環,2020-03-06,0.0,Foreign_Dealer_Self,0.0
2323,中環,2020-03-06,723000.0,Foreign_Investor,1620000.0
2323,中環,2020-03-06,4000.0,Investment_Trust,0.0
2323,中環,2020-03-09,0.0,Dealer_Hedging,221000.0
2323,中環,2020-03-09,16000.0,Dealer_self,153000.0
2323,中環,2020-03-09,0.0,Foreign_Dealer_Self,0.0
2323,中環,2020-03-09,979276.0,Foreign_Investor,3058000.0
2323,中環,2020-03-09,26000.0,Investment_Trust,0.0
2323,中環,2020-03-10,119000.0,Dealer_Hedging,266000.0
2323,中環,2020-03-10,42000.0,Dealer_self,13000.0
2323,中環,2020-03-10,0.0,Foreign_Dealer_Self,0.0
2323,中環,2020-03-10,3708842.0,Foreign_Investor,1215000.0
2323,中環,2020-03-10,0.0,Investment_Trust,0.0
2323,中環,2020-03-11,3000.0,Dealer_Hedging,223000.0
2323,中環,2020-03-11,41000.0,Dealer_self,198000.0
2323,中環,2020-03-11,0.0,Foreign_Dealer_Self,0.0
2323,中環,2020-03-11,2304000.0,Foreign_Investor,2561000.0
2323,中環,2020-03-11,3000.0,Investment_Trust,0.0
2323,中環,2020-03-12,114000.0,Dealer_Hedging,592000.0
2323,中環,2020-03-12,13000.0,Dealer_self,24000.0
2323,中環,2020-03-12,0.0,Foreign_Dealer_Self,0.0
2323,中環,2020-03-12,5205000.0,Foreign_Investor,3583000.0
2323,中環,2020-03-12,0.0,Investment_Trust,0.0
2323,中環,2020-03-13,47000.0,Dealer_Hedging,322000.0
2323,中環,2020-03-13,22000.0,Dealer_self,9000.0
2323,中環,2020-03-13,0.0,Foreign_Dealer_Self,0.0
2323,中環,2020-03-13,7752000.0,Foreign_Investor,3469000.0
2323,中環,2020-03-13,0.0,Investment_Trust,0.0
2323,中環,2020-03-16,191000.0,Dealer_Hedging,71000.0
2323,中環,2020-03-16,97000.0,Dealer_self,225000.0
2323,中環,2020-03-16,0.0,Foreign_Dealer_Self,0.0
2323,中環,2020-03-16,6034000.0,Foreign_Investor,4733000.0
2323,中環,2020-03-16,0.0,Investment_Trust,0.0
2323,中環,2020-03-17,32000.0,Dealer_Hedging,45000.0
2323,中環,2020-03-17,189000.0,Dealer_self,100000.0
2323,中環,2020-03-17,0.0,Foreign_Dealer_Self,0.0
2323,中環,2020-03-17,10837000.0,Foreign_Investor,5712000.0
2323,中環,2020-03-17,0.0,Investment_Trust,17000.0
2323,中環,2020-03-18,101000.0,Dealer_Hedging,197000.0
2323,中環,2020-03-18,29000.0,Dealer_self,134000.0
2323,中環,2020-03-18,0.0,Foreign_Dealer_Self,0.0
2323,中環,2020-03-18,3210000.0,Foreign_Investor,4719000.0
2323,中環,2020-03-18,0.0,Investment_Trust,0.0
2323,中環,2020-03-19,65000.0,Dealer_Hedging,166000.0
2323,中環,2020-03-19,2000.0,Dealer_self,116000.0
2323,中環,2020-03-19,0.0,Foreign_Dealer_Self,0.0
2323,中環,2020-03-19,2999219.0,Foreign_Investor,5833000.0
2323,中環,2020-03-19,0.0,Investment_Trust,0.0
2323,中環,2020-03-20,78000.0,Dealer_Hedging,0.0
2323,中環,2020-03-20,10000.0,Dealer_self,62000.0
2323,中環,2020-03-20,0.0,Foreign_Dealer_Self,0.0
2323,中環,2020-03-20,3360000.0,Foreign_Investor,1860000.0
2323,中環,2020-03-20,6000.0,Investment_Trust,0.0
2323,中環,2020-03-23,40000.0,Dealer_Hedging,168000.0
2323,中環,2020-03-23,0.0,Dealer_self,11000.0
2323,中環,2020-03-23,0.0,Foreign_Dealer_Self,0.0
2323,中環,2020-03-23,1381330.0,Foreign_Investor,1953000.0
2323,中環,2020-03-23,0.0,Investment_Trust,0.0
2323,中環,2020-03-24,96000.0,Dealer_Hedging,39000.0
2323,中環,2020-03-24,123000.0,Dealer_self,14000.0
2323,中環,2020-03-24,0.0,Foreign_Dealer_Self,0.0
2323,中環,2020-03-24,2598000.0,Foreign_Investor,803000.0
2323,中環,2020-03-24,0.0,Investment_Trust,2000.0
2323,中環,2020-03-25,33000.0,Dealer_Hedging,50000.0
2323,中環,2020-03-25,1000.0,Dealer_self,37000.0
2323,中環,2020-03-25,0.0,Foreign_Dealer_Self,0.0
2323,中環,2020-03-25,3793000.0,Foreign_Investor,1676000.0
2323,中環,2020-03-25,0.0,Investment_Trust,0.0
2323,中環,2020-03-26,60000.0,Dealer_Hedging,5000.0
2323,中環,2020-03-26,66000.0,Dealer_self,80000.0
2323,中環,2020-03-26,0.0,Foreign_Dealer_Self,0.0
2323,中環,2020-03-26,4331000.0,Foreign_Investor,1062027.0
2323,中環,2020-03-26,0.0,Investment_Trust,0.0
2323,中環,2020-03-27,8000.0,Dealer_Hedging,1000.0
2323,中環,2020-03-27,0.0,Dealer_self,56000.0
2323,中環,2020-03-27,0.0,Foreign_Dealer_Self,0.0
2323,中環,2020-03-27,2974000.0,Foreign_Investor,2149000.0
2323,中環,2020-03-27,0.0,Investment_Trust,0.0
2323,中環,2020-03-30,35000.0,Dealer_Hedging,26000.0
2323,中環,2020-03-30,5000.0,Dealer_self,275000.0
2323,中環,2020-03-30,0.0,Foreign_Dealer_Self,0.0
2323,中環,2020-03-30,3811000.0,Foreign_Investor,659000.0
2323,中環,2020-03-30,0.0,Investment_Trust,2000.0
2323,中環,2020-03-31,22000.0,Dealer_Hedging,4000.0
2323,中環,2020-03-31,24000.0,Dealer_self,53000.0
2323,中環,2020-03-31,0.0,Foreign_Dealer_Self,0.0
2323,中環,2020-03-31,1983000.0,Foreign_Investor,1832000.0
2323,中環,2020-03-31,0.0,Investment_Trust,6000.0
2323,中環,2020-04-01,288000.0,Dealer_Hedging,0.0
2323,中環,2020-04-01,14000.0,Dealer_self,24000.0
2323,中環,2020-04-01,0.0,Foreign_Dealer_Self,0.0
2323,中環,2020-04-01,5340000.0,Foreign_Investor,1219000.0
2323,中環,2020-04-01,0.0,Investment_Trust,0.0
2323,中環,2020-04-06,42000.0,Dealer_Hedging,152000.0
2323,中環,2020-04-06,3000.0,Dealer_self,12000.0
2323,中環,2020-04-06,0.0,Foreign_Dealer_Self,0.0
2323,中環,2020-04-06,1919000.0,Foreign_Investor,2645000.0
2323,中環,2020-04-06,0.0,Investment_Trust,0.0
2323,中環,2020-04-07,64000.0,Dealer_Hedging,0.0
2323,中環,2020-04-07,0.0,Dealer_self,14000.0
2323,中環,2020-04-07,0.0,Foreign_Dealer_Self,0.0
2323,中環,2020-04-07,2740000.0,Foreign_Investor,923000.0
2323,中環,2020-04-07,5000.0,Investment_Trust,0.0
2323,中環,2020-04-08,367000.0,Dealer_Hedging,0.0
2323,中環,2020-04-08,29000.0,Dealer_self,71000.0
2323,中環,2020-04-08,0.0,Foreign_Dealer_Self,0.0
2323,中環,2020-04-08,2589000.0,Foreign_Investor,1047000.0
2323,中環,2020-04-08,0.0,Investment_Trust,0.0
2323,中環,2020-04-09,325000.0,Dealer_Hedging,45000.0
2323,中環,2020-04-09,6000.0,Dealer_self,22000.0
2323,中環,2020-04-09,0.0,Foreign_Dealer_Self,0.0
2323,中環,2020-04-09,2490000.0,Foreign_Investor,2102000.0
2323,中環,2020-04-09,0.0,Investment_Trust,2000.0
2323,中環,2020-04-10,39000.0,Dealer_Hedging,280000.0
2323,中環,2020-04-10,31000.0,Dealer_self,29000.0
2323,中環,2020-04-10,0.0,Foreign_Dealer_Self,0.0
2323,中環,2020-04-10,3246000.0,Foreign_Investor,935000.0
2323,中環,2020-04-10,0.0,Investment_Trust,0.0
2323,中環,2020-04-13,465000.0,Dealer_Hedging,230000.0
2323,中環,2020-04-13,151000.0,Dealer_self,289000.0
2323,中環,2020-04-13,0.0,Foreign_Dealer_Self,0.0
2323,中環,2020-04-13,2360000.0,Foreign_Investor,2030000.0
2323,中環,2020-04-13,0.0,Investment_Trust,0.0
2323,中環,2020-04-14,0.0,Dealer_Hedging,202000.0
2323,中環,2020-04-14,53000.0,Dealer_self,232000.0
2323,中環,2020-04-14,0.0,Foreign_Dealer_Self,0.0
2323,中環,2020-04-14,2629000.0,Foreign_Investor,804685.0
2323,中環,2020-04-14,0.0,Investment_Trust,0.0
2323,中環,2020-04-15,75000.0,Dealer_Hedging,118000.0
2323,中環,2020-04-15,44000.0,Dealer_self,110000.0
2323,中環,2020-04-15,0.0,Foreign_Dealer_Self,0.0
2323,中環,2020-04-15,5069857.0,Foreign_Investor,5503000.0
2323,中環,2020-04-15,0.0,Investment_Trust,2000.0
2323,中環,2020-04-16,34000.0,Dealer_Hedging,104000.0
2323,中環,2020-04-16,9000.0,Dealer_self,9000.0
2323,中環,2020-04-16,0.0,Foreign_Dealer_Self,0.0
2323,中環,2020-04-16,2834000.0,Foreign_Investor,3623128.0
2323,中環,2020-04-16,0.0,Investment_Trust,0.0
2323,中環,2020-04-17,0.0,Dealer_Hedging,119000.0
2323,中環,2020-04-17,18000.0,Dealer_self,57176.0
2323,中環,2020-04-17,0.0,Foreign_Dealer_Self,0.0
2323,中環,2020-04-17,2297000.0,Foreign_Investor,2056000.0
2323,中環,2020-04-17,0.0,Investment_Trust,0.0
2323,中環,2020-04-20,0.0,Dealer_Hedging,173000.0
2323,中環,2020-04-20,6000.0,Dealer_self,24600.0
2323,中環,2020-04-20,0.0,Foreign_Dealer_Self,0.0
2323,中環,2020-04-20,1576000.0,Foreign_Investor,896000.0
2323,中環,2020-04-20,0.0,Investment_Trust,0.0
2323,中環,2020-04-21,0.0,Dealer_Hedging,122000.0
2323,中環,2020-04-21,55000.0,Dealer_self,119000.0
2323,中環,2020-04-21,0.0,Foreign_Dealer_Self,0.0
2323,中環,2020-04-21,1293000.0,Foreign_Investor,2941000.0
2323,中環,2020-04-21,0.0,Investment_Trust,3000.0
2323,中環,2020-04-22,50000.0,Dealer_Hedging,49000.0
2323,中環,2020-04-22,56000.0,Dealer_self,0.0
2323,中環,2020-04-22,0.0,Foreign_Dealer_Self,0.0
2323,中環,2020-04-22,2575000.0,Foreign_Investor,1136000.0
2323,中環,2020-04-22,0.0,Investment_Trust,0.0
2323,中環,2020-04-23,2000.0,Dealer_Hedging,261000.0
2323,中環,2020-04-23,64000.0,Dealer_self,94000.0
2323,中環,2020-04-23,0.0,Foreign_Dealer_Self,0.0
2323,中環,2020-04-23,1676000.0,Foreign_Investor,1066000.0
2323,中環,2020-04-23,0.0,Investment_Trust,0.0
2323,中環,2020-04-24,228000.0,Dealer_Hedging,31000.0
2323,中環,2020-04-24,56000.0,Dealer_self,15000.0
2323,中環,2020-04-24,0.0,Foreign_Dealer_Self,0.0
2323,中環,2020-04-24,924000.0,Foreign_Investor,1588000.0
2323,中環,2020-04-24,0.0,Investment_Trust,0.0
2323,中環,2020-04-27,334000.0,Dealer_Hedging,135000.0
2323,中環,2020-04-27,140000.0,Dealer_self,32000.0
2323,中環,2020-04-27,0.0,Foreign_Dealer_Self,0.0
2323,中環,2020-04-27,5245000.0,Foreign_Investor,1369000.0
2323,中環,2020-04-27,0.0,Investment_Trust,0.0
2323,中環,2020-04-28,0.0,Dealer_Hedging,280000.0
2323,中環,2020-04-28,20000.0,Dealer_self,0.0
2323,中環,2020-04-28,0.0,Foreign_Dealer_Self,0.0
2323,中環,2020-04-28,1059000.0,Foreign_Investor,2033000.0
2323,中環,2020-04-28,0.0,Investment_Trust,0.0
2323,中環,2020-04-29,264000.0,Dealer_Hedging,0.0
2323,中環,2020-04-29,43000.0,Dealer_self,101000.0
2323,中環,2020-04-29,0.0,Foreign_Dealer_Self,0.0
2323,中環,2020-04-29,2254000.0,Foreign_Investor,1854000.0
2323,中環,2020-04-29,0.0,Investment_Trust,0.0
2323,中環,2020-04-30,504000.0,Dealer_Hedging,203000.0
2323,中環,2020-04-30,97000.0,Dealer_self,89000.0
2323,中環,2020-04-30,0.0,Foreign_Dealer_Self,0.0
2323,中環,2020-04-30,4128000.0,Foreign_Investor,2184000.0
2323,中環,2020-04-30,0.0,Investment_Trust,7000.0
2323,中環,2020-05-04,6000.0,Dealer_Hedging,581000.0
2323,中環,2020-05-04,26000.0,Dealer_self,152000.0
2323,中環,2020-05-04,0.0,Foreign_Dealer_Self,0.0
2323,中環,2020-05-04,255000.0,Foreign_Investor,4470000.0
2323,中環,2020-05-04,0.0,Investment_Trust,0.0
2323,中環,2020-05-05,23000.0,Dealer_Hedging,26000.0
2323,中環,2020-05-05,45000.0,Dealer_self,13000.0
2323,中環,2020-05-05,0.0,Foreign_Dealer_Self,0.0
2323,中環,2020-05-05,1684000.0,Foreign_Investor,736000.0
2323,中環,2020-05-05,0.0,Investment_Trust,0.0
2323,中環,2020-05-06,110000.0,Dealer_Hedging,14000.0
2323,中環,2020-05-06,62000.0,Dealer_self,66000.0
2323,中環,2020-05-06,0.0,Foreign_Dealer_Self,0.0
2323,中環,2020-05-06,1156000.0,Foreign_Investor,3314996.0
2323,中環,2020-05-06,0.0,Investment_Trust,0.0
2323,中環,2020-05-07,81000.0,Dealer_Hedging,32000.0
2323,中環,2020-05-07,107000.0,Dealer_self,1000.0
2323,中環,2020-05-07,0.0,Foreign_Dealer_Self,0.0
2323,中環,2020-05-07,2359000.0,Foreign_Investor,449000.0
2323,中環,2020-05-07,0.0,Investment_Trust,2000.0
2323,中環,2020-05-08,32000.0,Dealer_Hedging,88000.0
2323,中環,2020-05-08,20000.0,Dealer_self,6000.0
2323,中環,2020-05-08,0.0,Foreign_Dealer_Self,0.0
2323,中環,2020-05-08,1154000.0,Foreign_Investor,1551000.0
2323,中環,2020-05-08,0.0,Investment_Trust,0.0
2323,中環,2020-05-11,685000.0,Dealer_Hedging,61000.0
2323,中環,2020-05-11,252000.0,Dealer_self,113000.0
2323,中環,2020-05-11,0.0,Foreign_Dealer_Self,0.0
2323,中環,2020-05-11,3109000.0,Foreign_Investor,3543000.0
2323,中環,2020-05-11,0.0,Investment_Trust,0.0
2323,中環,2020-05-12,21000.0,Dealer_Hedging,252000.0
2323,中環,2020-05-12,22000.0,Dealer_self,148000.0
2323,中環,2020-05-12,0.0,Foreign_Dealer_Self,0.0
2323,中環,2020-05-12,2011000.0,Foreign_Investor,4411000.0
2323,中環,2020-05-12,0.0,Investment_Trust,0.0
2323,中環,2020-05-13,231000.0,Dealer_Hedging,0.0
2323,中環,2020-05-13,17000.0,Dealer_self,50000.0
2323,中環,2020-05-13,0.0,Foreign_Dealer_Self,0.0
2323,中環,2020-05-13,1146000.0,Foreign_Investor,4525000.0
2323,中環,2020-05-13,0.0,Investment_Trust,21000.0
2323,中環,2020-05-14,655000.0,Dealer_Hedging,172000.0
2323,中環,2020-05-14,44000.0,Dealer_self,10000.0
2323,中環,2020-05-14,0.0,Foreign_Dealer_Self,0.0
2323,中環,2020-05-14,2228000.0,Foreign_Investor,4200000.0
2323,中環,2020-05-14,0.0,Investment_Trust,0.0
2323,中環,2020-05-15,435500.0,Dealer_Hedging,429000.0
2323,中環,2020-05-15,130000.0,Dealer_self,104000.0
2323,中環,2020-05-15,0.0,Foreign_Dealer_Self,0.0
2323,中環,2020-05-15,1030000.0,Foreign_Investor,2855000.0
2323,中環,2020-05-15,0.0,Investment_Trust,0.0
2323,中環,2020-05-18,601000.0,Dealer_Hedging,733000.0
2323,中環,2020-05-18,195000.0,Dealer_self,42000.0
2323,中環,2020-05-18,0.0,Foreign_Dealer_Self,0.0
2323,中環,2020-05-18,1905000.0,Foreign_Investor,7093000.0
2323,中環,2020-05-18,0.0,Investment_Trust,0.0
2323,中環,2020-05-19,49000.0,Dealer_Hedging,404000.0
2323,中環,2020-05-19,1059000.0,Dealer_self,98000.0
2323,中環,2020-05-19,0.0,Foreign_Dealer_Self,0.0
2323,中環,2020-05-19,3400000.0,Foreign_Investor,2767000.0
2323,中環,2020-05-19,0.0,Investment_Trust,2000.0
2323,中環,2020-05-20,343000.0,Dealer_Hedging,144000.0
2323,中環,2020-05-20,1412000.0,Dealer_self,356000.0
2323,中環,2020-05-20,0.0,Foreign_Dealer_Self,0.0
2323,中環,2020-05-20,2134000.0,Foreign_Investor,2751000.0
2323,中環,2020-05-20,0.0,Investment_Trust,5000.0
2323,中環,2020-05-21,103000.0,Dealer_Hedging,211000.0
2323,中環,2020-05-21,2000.0,Dealer_self,40000.0
2323,中環,2020-05-21,0.0,Foreign_Dealer_Self,0.0
2323,中環,2020-05-21,732000.0,Foreign_Investor,1334000.0
2323,中環,2020-05-21,0.0,Investment_Trust,0.0
2323,中環,2020-05-22,40000.0,Dealer_Hedging,67000.0
2323,中環,2020-05-22,5000.0,Dealer_self,38000.0
2323,中環,2020-05-22,0.0,Foreign_Dealer_Self,0.0
2323,中環,2020-05-22,168000.0,Foreign_Investor,2731000.0
2323,中環,2020-05-22,0.0,Investment_Trust,0.0
2323,中環,2020-05-25,4000.0,Dealer_Hedging,144000.0
2323,中環,2020-05-25,9000.0,Dealer_self,38000.0
2323,中環,2020-05-25,0.0,Foreign_Dealer_Self,0.0
2323,中環,2020-05-25,724000.0,Foreign_Investor,1732000.0
2323,中環,2020-05-25,0.0,Investment_Trust,0.0
2323,中環,2020-05-26,64000.0,Dealer_Hedging,0.0
2323,中環,2020-05-26,5000.0,Dealer_self,2000.0
2323,中環,2020-05-26,0.0,Foreign_Dealer_Self,0.0
2323,中環,2020-05-26,1009000.0,Foreign_Investor,1692000.0
2323,中環,2020-05-26,0.0,Investment_Trust,5000.0
2323,中環,2020-05-27,32000.0,Dealer_Hedging,83000.0
2323,中環,2020-05-27,28000.0,Dealer_self,8000.0
2323,中環,2020-05-27,0.0,Foreign_Dealer_Self,0.0
2323,中環,2020-05-27,1036000.0,Foreign_Investor,2749000.0
2323,中環,2020-05-27,0.0,Investment_Trust,0.0
2323,中環,2020-05-28,28000.0,Dealer_Hedging,43000.0
2323,中環,2020-05-28,960000.0,Dealer_self,6000.0
2323,中環,2020-05-28,0.0,Foreign_Dealer_Self,0.0
2323,中環,2020-05-28,712000.0,Foreign_Investor,2158174.0
2323,中環,2020-05-28,0.0,Investment_Trust,0.0
2323,中環,2020-05-29,171000.0,Dealer_Hedging,57000.0
2323,中環,2020-05-29,662000.0,Dealer_self,3000.0
2323,中環,2020-05-29,0.0,Foreign_Dealer_Self,0.0
2323,中環,2020-05-29,1316000.0,Foreign_Investor,1884851.0
2323,中環,2020-05-29,0.0,Investment_Trust,0.0
2323,中環,2020-06-01,42000.0,Dealer_Hedging,130000.0
2323,中環,2020-06-01,1016000.0,Dealer_self,6000.0
2323,中環,2020-06-01,0.0,Foreign_Dealer_Self,0.0
2323,中環,2020-06-01,595000.0,Foreign_Investor,780000.0
2323,中環,2020-06-01,0.0,Investment_Trust,76000.0
2323,中環,2020-06-02,104000.0,Dealer_Hedging,0.0
2323,中環,2020-06-02,1001000.0,Dealer_self,22000.0
2323,中環,2020-06-02,0.0,Foreign_Dealer_Self,0.0
2323,中環,2020-06-02,5810000.0,Foreign_Investor,5376000.0
2323,中環,2020-06-02,0.0,Investment_Trust,75000.0
2323,中環,2020-06-03,82000.0,Dealer_Hedging,1000.0
2323,中環,2020-06-03,211000.0,Dealer_self,0.0
2323,中環,2020-06-03,0.0,Foreign_Dealer_Self,0.0
2323,中環,2020-06-03,2747000.0,Foreign_Investor,888000.0
2323,中環,2020-06-03,0.0,Investment_Trust,0.0
2323,中環,2020-06-04,74000.0,Dealer_Hedging,37000.0
2323,中環,2020-06-04,0.0,Dealer_self,2000.0
2323,中環,2020-06-04,0.0,Foreign_Dealer_Self,0.0
2323,中環,2020-06-04,1522000.0,Foreign_Investor,2122000.0
2323,中環,2020-06-04,0.0,Investment_Trust,0.0
2323,中環,2020-06-05,102000.0,Dealer_Hedging,48000.0
2323,中環,2020-06-05,4000.0,Dealer_self,0.0
2323,中環,2020-06-05,0.0,Foreign_Dealer_Self,0.0
2323,中環,2020-06-05,2742000.0,Foreign_Investor,352000.0
2323,中環,2020-06-05,0.0,Investment_Trust,0.0
2323,中環,2020-06-08,47000.0,Dealer_Hedging,30000.0
2323,中環,2020-06-08,37000.0,Dealer_self,2000.0
2323,中環,2020-06-08,0.0,Foreign_Dealer_Self,0.0
2323,中環,2020-06-08,1800000.0,Foreign_Investor,452000.0
2323,中環,2020-06-08,0.0,Investment_Trust,0.0
2323,中環,2020-06-09,390000.0,Dealer_Hedging,1000.0
2323,中環,2020-06-09,970000.0,Dealer_self,41000.0
2323,中環,2020-06-09,0.0,Foreign_Dealer_Self,0.0
2323,中環,2020-06-09,1848000.0,Foreign_Investor,1757000.0
2323,中環,2020-06-09,0.0,Investment_Trust,3000.0
2323,中環,2020-06-10,1000.0,Dealer_Hedging,113000.0
2323,中環,2020-06-10,14000.0,Dealer_self,1000.0
2323,中環,2020-06-10,0.0,Foreign_Dealer_Self,0.0
2323,中環,2020-06-10,1692000.0,Foreign_Investor,364000.0
2323,中環,2020-06-10,0.0,Investment_Trust,2000.0
2323,中環,2020-06-11,42000.0,Dealer_Hedging,554000.0
2323,中環,2020-06-11,10000.0,Dealer_self,49000.0
2323,中環,2020-06-11,0.0,Foreign_Dealer_Self,0.0
2323,中環,2020-06-11,1553000.0,Foreign_Investor,1943885.0
2323,中環,2020-06-11,0.0,Investment_Trust,0.0
2323,中環,2020-06-12,35000.0,Dealer_Hedging,168170.0
2323,中環,2020-06-12,33000.0,Dealer_self,4000.0
2323,中環,2020-06-12,0.0,Foreign_Dealer_Self,0.0
2323,中環,2020-06-12,978000.0,Foreign_Investor,1561000.0
2323,中環,2020-06-12,0.0,Investment_Trust,0.0
2323,中環,2020-06-15,90000.0,Dealer_Hedging,53000.0
2323,中環,2020-06-15,22000.0,Dealer_self,38000.0
2323,中環,2020-06-15,0.0,Foreign_Dealer_Self,0.0
2323,中環,2020-06-15,1676000.0,Foreign_Investor,2409000.0
2323,中環,2020-06-15,0.0,Investment_Trust,0.0
2323,中環,2020-06-16,187000.0,Dealer_Hedging,124000.0
2323,中環,2020-06-16,15000.0,Dealer_self,34000.0
2323,中環,2020-06-16,0.0,Foreign_Dealer_Self,0.0
2323,中環,2020-06-16,3991578.0,Foreign_Investor,1142000.0
2323,中環,2020-06-16,0.0,Investment_Trust,0.0
2323,中環,2020-06-17,1000.0,Dealer_Hedging,188000.0
2323,中環,2020-06-17,36000.0,Dealer_self,478000.0
2323,中環,2020-06-17,0.0,Foreign_Dealer_Self,0.0
2323,中環,2020-06-17,4405000.0,Foreign_Investor,640000.0
2323,中環,2020-06-17,0.0,Investment_Trust,0.0
2323,中環,2020-06-18,3000.0,Dealer_Hedging,36000.0
2323,中環,2020-06-18,67000.0,Dealer_self,24000.0
2323,中環,2020-06-18,0.0,Foreign_Dealer_Self,0.0
2323,中環,2020-06-18,1017000.0,Foreign_Investor,510000.0
2323,中環,2020-06-18,17000.0,Investment_Trust,3000.0
2323,中環,2020-06-19,3000.0,Dealer_Hedging,0.0
2323,中環,2020-06-19,68000.0,Dealer_self,4000.0
2323,中環,2020-06-19,0.0,Foreign_Dealer_Self,0.0
2323,中環,2020-06-19,1013000.0,Foreign_Investor,831542.0
2323,中環,2020-06-19,0.0,Investment_Trust,26000.0
2323,中環,2020-06-22,422000.0,Dealer_Hedging,46000.0
2323,中環,2020-06-22,60000.0,Dealer_self,42000.0
2323,中環,2020-06-22,0.0,Foreign_Dealer_Self,0.0
2323,中環,2020-06-22,3290000.0,Foreign_Investor,7472000.0
2323,中環,2020-06-22,0.0,Investment_Trust,18000.0
2323,中環,2020-06-23,5000.0,Dealer_Hedging,310000.0
2323,中環,2020-06-23,19000.0,Dealer_self,4000.0
2323,中環,2020-06-23,0.0,Foreign_Dealer_Self,0.0
2323,中環,2020-06-23,736000.0,Foreign_Investor,1421000.0
2323,中環,2020-06-23,0.0,Investment_Trust,2000.0
2323,中環,2020-06-24,0.0,Dealer_Hedging,18000.0
2323,中環,2020-06-24,16000.0,Dealer_self,41000.0
2323,中環,2020-06-24,0.0,Foreign_Dealer_Self,0.0
2323,中環,2020-06-24,964000.0,Foreign_Investor,658629.0
2323,中環,2020-06-24,0.0,Investment_Trust,0.0
2323,中環,2020-06-29,218000.0,Dealer_Hedging,69000.0
2323,中環,2020-06-29,6000.0,Dealer_self,4000.0
2323,中環,2020-06-29,0.0,Foreign_Dealer_Self,0.0
2323,中環,2020-06-29,2885000.0,Foreign_Investor,1547984.0
2323,中環,2020-06-29,0.0,Investment_Trust,0.0
2323,中環,2020-06-30,0.0,Dealer_Hedging,128000.0
2323,中環,2020-06-30,22000.0,Dealer_self,26000.0
2323,中環,2020-06-30,0.0,Foreign_Dealer_Self,0.0
2323,中環,2020-06-30,1623000.0,Foreign_Investor,310000.0
2323,中環,2020-06-30,0.0,Investment_Trust,0.0
2323,中環,2020-07-01,738000.0,Dealer_Hedging,222000.0
2323,中環,2020-07-01,78000.0,Dealer_self,86000.0
2323,中環,2020-07-01,0.0,Foreign_Dealer_Self,0.0
2323,中環,2020-07-01,5365000.0,Foreign_Investor,942000.0
2323,中環,2020-07-01,0.0,Investment_Trust,0.0
2323,中環,2020-07-02,177000.0,Dealer_Hedging,644000.0
2323,中環,2020-07-02,527000.0,Dealer_self,0.0
2323,中環,2020-07-02,0.0,Foreign_Dealer_Self,0.0
2323,中環,2020-07-02,2745000.0,Foreign_Investor,688000.0
2323,中環,2020-07-02,0.0,Investment_Trust,1000.0
2323,中環,2020-07-03,23000.0,Dealer_Hedging,185000.0
2323,中環,2020-07-03,474000.0,Dealer_self,44000.0
2323,中環,2020-07-03,0.0,Foreign_Dealer_Self,0.0
2323,中環,2020-07-03,1267000.0,Foreign_Investor,631000.0
2323,中環,2020-07-03,0.0,Investment_Trust,0.0
2323,中環,2020-07-06,591000.0,Dealer_Hedging,73000.0
2323,中環,2020-07-06,1888000.0,Dealer_self,6000.0
2323,中環,2020-07-06,0.0,Foreign_Dealer_Self,0.0
2323,中環,2020-07-06,6689000.0,Foreign_Investor,436000.0
2323,中環,2020-07-06,0.0,Investment_Trust,0.0
2323,中環,2020-07-07,109000.0,Dealer_Hedging,419000.0
2323,中環,2020-07-07,109000.0,Dealer_self,89000.0
2323,中環,2020-07-07,0.0,Foreign_Dealer_Self,0.0
2323,中環,2020-07-07,1170000.0,Foreign_Investor,5047000.0
2323,中環,2020-07-07,0.0,Investment_Trust,0.0
2323,中環,2020-07-08,284000.0,Dealer_Hedging,101000.0
2323,中環,2020-07-08,1076000.0,Dealer_self,54000.0
2323,中環,2020-07-08,0.0,Foreign_Dealer_Self,0.0
2323,中環,2020-07-08,2571000.0,Foreign_Investor,5158000.0
2323,中環,2020-07-08,0.0,Investment_Trust,0.0
2323,中環,2020-07-09,21000.0,Dealer_Hedging,211000.0
2323,中環,2020-07-09,0.0,Dealer_self,8000.0
2323,中環,2020-07-09,0.0,Foreign_Dealer_Self,0.0
2323,中環,2020-07-09,2310000.0,Foreign_Investor,1099655.0
2323,中環,2020-07-09,0.0,Investment_Trust,1000.0
2323,中環,2020-07-10,160000.0,Dealer_Hedging,143000.0
2323,中環,2020-07-10,54000.0,Dealer_self,48000.0
2323,中環,2020-07-10,0.0,Foreign_Dealer_Self,0.0
2323,中環,2020-07-10,3104000.0,Foreign_Investor,2981000.0
2323,中環,2020-07-10,0.0,Investment_Trust,0.0
2323,中環,2020-07-13,148000.0,Dealer_Hedging,84000.0
2323,中環,2020-07-13,17000.0,Dealer_self,20000.0
2323,中環,2020-07-13,0.0,Foreign_Dealer_Self,0.0
2323,中環,2020-07-13,2822000.0,Foreign_Investor,1143000.0
2323,中環,2020-07-13,0.0,Investment_Trust,0.0
2323,中環,2020-07-14,0.0,Dealer_Hedging,158000.0
2323,中環,2020-07-14,0.0,Dealer_self,12000.0
2323,中環,2020-07-14,0.0,Foreign_Dealer_Self,0.0
2323,中環,2020-07-14,1261000.0,Foreign_Investor,1136000.0
2323,中環,2020-07-14,0.0,Investment_Trust,0.0
2323,中環,2020-07-15,116000.0,Dealer_Hedging,0.0
2323,中環,2020-07-15,243000.0,Dealer_self,146000.0
2323,中環,2020-07-15,0.0,Foreign_Dealer_Self,0.0
2323,中環,2020-07-15,1263000.0,Foreign_Investor,2323000.0
2323,中環,2020-07-15,0.0,Investment_Trust,0.0
2323,中環,2020-07-16,28000.0,Dealer_Hedging,148000.0
2323,中環,2020-07-16,131000.0,Dealer_self,65000.0
2323,中環,2020-07-16,0.0,Foreign_Dealer_Self,0.0
2323,中環,2020-07-16,2491000.0,Foreign_Investor,417000.0
2323,中環,2020-07-16,0.0,Investment_Trust,2000.0
2323,中環,2020-07-17,44000.0,Dealer_Hedging,53000.0
2323,中環,2020-07-17,63000.0,Dealer_self,270000.0
2323,中環,2020-07-17,0.0,Foreign_Dealer_Self,0.0
2323,中環,2020-07-17,291000.0,Foreign_Investor,3356498.0
2323,中環,2020-07-17,0.0,Investment_Trust,0.0
2323,中環,2020-07-20,48000.0,Dealer_Hedging,83000.0
2323,中環,2020-07-20,5000.0,Dealer_self,0.0
2323,中環,2020-07-20,0.0,Foreign_Dealer_Self,0.0
2323,中環,2020-07-20,715000.0,Foreign_Investor,1643000.0
2323,中環,2020-07-20,0.0,Investment_Trust,0.0
2323,中環,2020-07-21,213000.0,Dealer_Hedging,56000.0
2323,中環,2020-07-21,17000.0,Dealer_self,26000.0
2323,中環,2020-07-21,0.0,Foreign_Dealer_Self,0.0
2323,中環,2020-07-21,5157000.0,Foreign_Investor,779000.0
2323,中環,2020-07-21,0.0,Investment_Trust,0.0
2323,中環,2020-07-22,108000.0,Dealer_Hedging,152000.0
2323,中環,2020-07-22,1000.0,Dealer_self,22000.0
2323,中環,2020-07-22,0.0,Foreign_Dealer_Self,0.0
2323,中環,2020-07-22,2988000.0,Foreign_Investor,889000.0
2323,中環,2020-07-22,0.0,Investment_Trust,1000.0
2323,中環,2020-07-23,11000.0,Dealer_Hedging,175000.0
2323,中環,2020-07-23,0.0,Dealer_self,154000.0
2323,中環,2020-07-23,0.0,Foreign_Dealer_Self,0.0
2323,中環,2020-07-23,1100858.0,Foreign_Investor,911000.0
2323,中環,2020-07-23,0.0,Investment_Trust,0.0
2323,中環,2020-07-24,51000.0,Dealer_Hedging,20000.0
2323,中環,2020-07-24,12000.0,Dealer_self,20000.0
2323,中環,2020-07-24,0.0,Foreign_Dealer_Self,0.0
2323,中環,2020-07-24,507000.0,Foreign_Investor,2303000.0
2323,中環,2020-07-24,0.0,Investment_Trust,0.0
2323,中環,2020-07-27,3000.0,Dealer_Hedging,377000.0
2323,中環,2020-07-27,19000.0,Dealer_self,8000.0
2323,中環,2020-07-27,0.0,Foreign_Dealer_Self,0.0
2323,中環,2020-07-27,845000.0,Foreign_Investor,2670000.0
2323,中環,2020-07-27,0.0,Investment_Trust,0.0
2323,中環,2020-07-28,14000.0,Dealer_Hedging,42000.0
2323,中環,2020-07-28,11000.0,Dealer_self,112000.0
2323,中環,2020-07-28,0.0,Foreign_Dealer_Self,0.0
2323,中環,2020-07-28,1277000.0,Foreign_Investor,2946000.0
2323,中環,2020-07-28,0.0,Investment_Trust,0.0
2323,中環,2020-07-29,53000.0,Dealer_Hedging,51000.0
2323,中環,2020-07-29,26000.0,Dealer_self,174000.0
2323,中環,2020-07-29,0.0,Foreign_Dealer_Self,0.0
2323,中環,2020-07-29,945000.0,Foreign_Investor,484000.0
2323,中環,2020-07-29,0.0,Investment_Trust,0.0
2323,中環,2020-07-30,231000.0,Dealer_Hedging,109000.0
2323,中環,2020-07-30,50000.0,Dealer_self,8000.0
2323,中環,2020-07-30,0.0,Foreign_Dealer_Self,0.0
2323,中環,2020-07-30,5253000.0,Foreign_Investor,392000.0
2323,中環,2020-07-30,0.0,Investment_Trust,0.0
2323,中環,2020-07-31,4000.0,Dealer_Hedging,163000.0
2323,中環,2020-07-31,0.0,Dealer_self,124000.0
2323,中環,2020-07-31,0.0,Foreign_Dealer_Self,0.0
2323,中環,2020-07-31,1022000.0,Foreign_Investor,637500.0
2323,中環,2020-07-31,0.0,Investment_Trust,0.0
2323,中環,2020-08-03,195000.0,Dealer_Hedging,16000.0
2323,中環,2020-08-03,0.0,Dealer_self,24000.0
2323,中環,2020-08-03,0.0,Foreign_Dealer_Self,0.0
2323,中環,2020-08-03,2404000.0,Foreign_Investor,1316000.0
2323,中環,2020-08-03,0.0,Investment_Trust,2000.0
2323,中環,2020-08-04,236000.0,Dealer_Hedging,119000.0
2323,中環,2020-08-04,531000.0,Dealer_self,42000.0
2323,中環,2020-08-04,0.0,Foreign_Dealer_Self,0.0
2323,中環,2020-08-04,1906622.0,Foreign_Investor,2973000.0
2323,中環,2020-08-04,0.0,Investment_Trust,0.0
2323,中環,2020-08-05,0.0,Dealer_Hedging,139000.0
2323,中環,2020-08-05,6000.0,Dealer_self,0.0
2323,中環,2020-08-05,0.0,Foreign_Dealer_Self,0.0
2323,中環,2020-08-05,830000.0,Foreign_Investor,541000.0
2323,中環,2020-08-05,0.0,Investment_Trust,0.0
2323,中環,2020-08-06,4000.0,Dealer_Hedging,24000.0
2323,中環,2020-08-06,0.0,Dealer_self,25000.0
2323,中環,2020-08-06,0.0,Foreign_Dealer_Self,0.0
2323,中環,2020-08-06,1993000.0,Foreign_Investor,339000.0
2323,中環,2020-08-06,0.0,Investment_Trust,0.0
2323,中環,2020-08-07,54000.0,Dealer_Hedging,3000.0
2323,中環,2020-08-07,8000.0,Dealer_self,42000.0
2323,中環,2020-08-07,0.0,Foreign_Dealer_Self,0.0
2323,中環,2020-08-07,908000.0,Foreign_Investor,542711.0
2323,中環,2020-08-07,0.0,Investment_Trust,0.0
2323,中環,2020-08-10,567000.0,Dealer_Hedging,94000.0
2323,中環,2020-08-10,166000.0,Dealer_self,38000.0
2323,中環,2020-08-10,0.0,Foreign_Dealer_Self,0.0
2323,中環,2020-08-10,4721000.0,Foreign_Investor,3344000.0
2323,中環,2020-08-10,0.0,Investment_Trust,0.0
2323,中環,2020-08-11,41000.0,Dealer_Hedging,400000.0
2323,中環,2020-08-11,87000.0,Dealer_self,62000.0
2323,中環,2020-08-11,0.0,Foreign_Dealer_Self,0.0
2323,中環,2020-08-11,1559000.0,Foreign_Investor,3323000.0
2323,中環,2020-08-11,0.0,Investment_Trust,0.0
2323,中環,2020-08-12,10000.0,Dealer_Hedging,35000.0
2323,中環,2020-08-12,78000.0,Dealer_self,46000.0
2323,中環,2020-08-12,0.0,Foreign_Dealer_Self,0.0
2323,中環,2020-08-12,784000.0,Foreign_Investor,718000.0
2323,中環,2020-08-12,0.0,Investment_Trust,0.0
2323,中環,2020-08-13,66000.0,Dealer_Hedging,5000.0
2323,中環,2020-08-13,5000.0,Dealer_self,0.0
2323,中環,2020-08-13,0.0,Foreign_Dealer_Self,0.0
2323,中環,2020-08-13,1017000.0,Foreign_Investor,509000.0
2323,中環,2020-08-13,0.0,Investment_Trust,0.0
2323,中環,2020-08-14,1281000.0,Dealer_Hedging,98000.0
2323,中環,2020-08-14,227000.0,Dealer_self,110000.0
2323,中環,2020-08-14,0.0,Foreign_Dealer_Self,0.0
2323,中環,2020-08-14,8128000.0,Foreign_Investor,2144694.0
2323,中環,2020-08-14,0.0,Investment_Trust,0.0
2323,中環,2020-08-17,529000.0,Dealer_Hedging,891000.0
2323,中環,2020-08-17,178000.0,Dealer_self,156000.0
2323,中環,2020-08-17,0.0,Foreign_Dealer_Self,0.0
2323,中環,2020-08-17,2082000.0,Foreign_Investor,2643000.0
2323,中環,2020-08-17,0.0,Investment_Trust,0.0
2323,中環,2020-08-18,122000.0,Dealer_Hedging,398000.0
2323,中環,2020-08-18,16000.0,Dealer_self,34000.0
2323,中環,2020-08-18,0.0,Foreign_Dealer_Self,0.0
2323,中環,2020-08-18,1087000.0,Foreign_Investor,1419000.0
2323,中環,2020-08-18,0.0,Investment_Trust,0.0
2323,中環,2020-08-19,105000.0,Dealer_Hedging,180000.0
2323,中環,2020-08-19,24000.0,Dealer_self,153000.0
2323,中環,2020-08-19,0.0,Foreign_Dealer_Self,0.0
2323,中環,2020-08-19,2447000.0,Foreign_Investor,2701000.0
2323,中環,2020-08-19,0.0,Investment_Trust,1000.0
2323,中環,2020-08-20,66000.0,Dealer_Hedging,684000.0
2323,中環,2020-08-20,146000.0,Dealer_self,132000.0
2323,中環,2020-08-20,0.0,Foreign_Dealer_Self,0.0
2323,中環,2020-08-20,1409000.0,Foreign_Investor,4102000.0
2323,中環,2020-08-20,0.0,Investment_Trust,0.0
2323,中環,2020-08-21,276000.0,Dealer_Hedging,97000.0
2323,中環,2020-08-21,187000.0,Dealer_self,2000.0
2323,中環,2020-08-21,0.0,Foreign_Dealer_Self,0.0
2323,中環,2020-08-21,1404000.0,Foreign_Investor,4433000.0
2323,中環,2020-08-21,0.0,Investment_Trust,0.0
2323,中環,2020-08-24,196000.0,Dealer_Hedging,210000.0
2323,中環,2020-08-24,44000.0,Dealer_self,168000.0
2323,中環,2020-08-24,0.0,Foreign_Dealer_Self,0.0
2323,中環,2020-08-24,2795000.0,Foreign_Investor,939000.0
2323,中環,2020-08-24,0.0,Investment_Trust,0.0
2323,中環,2020-08-25,580000.0,Dealer_Hedging,112000.0
2323,中環,2020-08-25,2000.0,Dealer_self,72009.0
2323,中環,2020-08-25,0.0,Foreign_Dealer_Self,0.0
2323,中環,2020-08-25,7713000.0,Foreign_Investor,455000.0
2323,中環,2020-08-25,0.0,Investment_Trust,0.0
2323,中環,2020-08-26,238000.0,Dealer_Hedging,664000.0
2323,中環,2020-08-26,18000.0,Dealer_self,2000.0
2323,中環,2020-08-26,0.0,Foreign_Dealer_Self,0.0
2323,中環,2020-08-26,2808000.0,Foreign_Investor,1395000.0
2323,中環,2020-08-26,0.0,Investment_Trust,0.0
2323,中環,2020-08-27,369000.0,Dealer_Hedging,165000.0
2323,中環,2020-08-27,123000.0,Dealer_self,30000.0
2323,中環,2020-08-27,0.0,Foreign_Dealer_Self,0.0
2323,中環,2020-08-27,6914000.0,Foreign_Investor,1790000.0
2323,中環,2020-08-27,0.0,Investment_Trust,0.0
2323,中環,2020-08-28,105000.0,Dealer_Hedging,153000.0
2323,中環,2020-08-28,78000.0,Dealer_self,1000.0
2323,中環,2020-08-28,0.0,Foreign_Dealer_Self,0.0
2323,中環,2020-08-28,1180000.0,Foreign_Investor,2467000.0
2323,中環,2020-08-28,0.0,Investment_Trust,0.0
2323,中環,2020-08-31,0.0,Dealer_Hedging,306000.0
2323,中環,2020-08-31,68000.0,Dealer_self,30000.0
2323,中環,2020-08-31,0.0,Foreign_Dealer_Self,0.0
2323,中環,2020-08-31,2759000.0,Foreign_Investor,970000.0
2323,中環,2020-08-31,0.0,Investment_Trust,0.0
2323,中環,2020-09-01,136000.0,Dealer_Hedging,12000.0
2323,中環,2020-09-01,58000.0,Dealer_self,56000.0
2323,中環,2020-09-01,0.0,Foreign_Dealer_Self,0.0
2323,中環,2020-09-01,4960000.0,Foreign_Investor,1522000.0
2323,中環,2020-09-01,0.0,Investment_Trust,0.0
2323,中環,2020-09-02,31000.0,Dealer_Hedging,72000.0
2323,中環,2020-09-02,26000.0,Dealer_self,42000.0
2323,中環,2020-09-02,0.0,Foreign_Dealer_Self,0.0
2323,中環,2020-09-02,1934000.0,Foreign_Investor,4776000.0
2323,中環,2020-09-02,0.0,Investment_Trust,0.0
2323,中環,2020-09-03,416000.0,Dealer_Hedging,78990.0
2323,中環,2020-09-03,200000.0,Dealer_self,76000.0
2323,中環,2020-09-03,0.0,Foreign_Dealer_Self,0.0
2323,中環,2020-09-03,6743000.0,Foreign_Investor,6006554.0
2323,中環,2020-09-03,0.0,Investment_Trust,0.0
2323,中環,2020-09-04,0.0,Dealer_Hedging,175000.0
2323,中環,2020-09-04,58000.0,Dealer_self,4000.0
2323,中環,2020-09-04,0.0,Foreign_Dealer_Self,0.0
2323,中環,2020-09-04,2147000.0,Foreign_Investor,4181000.0
2323,中環,2020-09-04,0.0,Investment_Trust,0.0
2323,中環,2020-09-07,14000.0,Dealer_Hedging,39000.0
2323,中環,2020-09-07,31000.0,Dealer_self,27000.0
2323,中環,2020-09-07,0.0,Foreign_Dealer_Self,0.0
2323,中環,2020-09-07,2430000.0,Foreign_Investor,1530000.0
2323,中環,2020-09-07,0.0,Investment_Trust,0.0
2323,中環,2020-09-08,16000.0,Dealer_Hedging,48000.0
2323,中環,2020-09-08,17000.0,Dealer_self,60000.0
2323,中環,2020-09-08,0.0,Foreign_Dealer_Self,0.0
2323,中環,2020-09-08,1083000.0,Foreign_Investor,2996000.0
2323,中環,2020-09-08,1000.0,Investment_Trust,0.0
2323,中環,2020-09-09,5000.0,Dealer_Hedging,56000.0
2323,中環,2020-09-09,144000.0,Dealer_self,90000.0
2323,中環,2020-09-09,0.0,Foreign_Dealer_Self,0.0
2323,中環,2020-09-09,6190000.0,Foreign_Investor,1085000.0
2323,中環,2020-09-09,0.0,Investment_Trust,0.0
2323,中環,2020-09-10,158000.0,Dealer_Hedging,177000.0
2323,中環,2020-09-10,44000.0,Dealer_self,40000.0
2323,中環,2020-09-10,0.0,Foreign_Dealer_Self,0.0
2323,中環,2020-09-10,2154000.0,Foreign_Investor,4960785.0
2323,中環,2020-09-10,0.0,Investment_Trust,0.0
2323,中環,2020-09-11,12000.0,Dealer_Hedging,27000.0
2323,中環,2020-09-11,60000.0,Dealer_self,962000.0
2323,中環,2020-09-11,0.0,Foreign_Dealer_Self,0.0
2323,中環,2020-09-11,1727000.0,Foreign_Investor,3368154.0
2323,中環,2020-09-11,0.0,Investment_Trust,0.0
2323,中環,2020-09-14,20000.0,Dealer_Hedging,123000.0
2323,中環,2020-09-14,20000.0,Dealer_self,814000.0
2323,中環,2020-09-14,0.0,Foreign_Dealer_Self,0.0
2323,中環,2020-09-14,2600000.0,Foreign_Investor,6321055.0
2323,中環,2020-09-14,0.0,Investment_Trust,0.0
2323,中環,2020-09-15,51000.0,Dealer_Hedging,5000.0
2323,中環,2020-09-15,14000.0,Dealer_self,858000.0
2323,中環,2020-09-15,0.0,Foreign_Dealer_Self,0.0
2323,中環,2020-09-15,706000.0,Foreign_Investor,3174000.0
2323,中環,2020-09-15,1000.0,Investment_Trust,0.0
2323,中環,2020-09-16,34000.0,Dealer_Hedging,0.0
2323,中環,2020-09-16,42000.0,Dealer_self,914000.0
2323,中環,2020-09-16,0.0,Foreign_Dealer_Self,0.0
2323,中環,2020-09-16,907000.0,Foreign_Investor,1516000.0
2323,中環,2020-09-16,0.0,Investment_Trust,0.0
2323,中環,2020-09-17,4000.0,Dealer_Hedging,81000.0
2323,中環,2020-09-17,10000.0,Dealer_self,475000.0
2323,中環,2020-09-17,0.0,Foreign_Dealer_Self,0.0
2323,中環,2020-09-17,1718000.0,Foreign_Investor,414942.0
2323,中環,2020-09-17,4000.0,Investment_Trust,0.0
2323,中環,2020-09-18,6000.0,Dealer_Hedging,22000.0
2323,中環,2020-09-18,28000.0,Dealer_self,844000.0
2323,中環,2020-09-18,0.0,Foreign_Dealer_Self,0.0
2323,中環,2020-09-18,4590000.0,Foreign_Investor,320000.0
2323,中環,2020-09-18,1000.0,Investment_Trust,0.0
2323,中環,2020-09-21,12000.0,Dealer_Hedging,144000.0
2323,中環,2020-09-21,16000.0,Dealer_self,882000.0
2323,中環,2020-09-21,0.0,Foreign_Dealer_Self,0.0
2323,中環,2020-09-21,3611000.0,Foreign_Investor,452000.0
2323,中環,2020-09-21,0.0,Investment_Trust,0.0
2323,中環,2020-09-22,3000.0,Dealer_Hedging,75000.0
2323,中環,2020-09-22,1000.0,Dealer_self,782000.0
2323,中環,2020-09-22,0.0,Foreign_Dealer_Self,0.0
2323,中環,2020-09-22,806000.0,Foreign_Investor,895000.0
2323,中環,2020-09-22,0.0,Investment_Trust,0.0
2323,中環,2020-09-23,48000.0,Dealer_Hedging,163000.0
2323,中環,2020-09-23,25000.0,Dealer_self,983000.0
2323,中環,2020-09-23,0.0,Foreign_Dealer_Self,0.0
2323,中環,2020-09-23,1809000.0,Foreign_Investor,8348689.0
2323,中環,2020-09-23,0.0,Investment_Trust,0.0
2323,中環,2020-09-24,1000.0,Dealer_Hedging,76000.0
2323,中環,2020-09-24,0.0,Dealer_self,48000.0
2323,中環,2020-09-24,0.0,Foreign_Dealer_Self,0.0
2323,中環,2020-09-24,1162000.0,Foreign_Investor,4905000.0
2323,中環,2020-09-24,0.0,Investment_Trust,0.0
2323,中環,2020-09-25,78000.0,Dealer_Hedging,26000.0
2323,中環,2020-09-25,20000.0,Dealer_self,24000.0
2323,中環,2020-09-25,0.0,Foreign_Dealer_Self,0.0
2323,中環,2020-09-25,1640000.0,Foreign_Investor,3847856.0
2323,中環,2020-09-25,0.0,Investment_Trust,0.0
2323,中環,2020-09-28,48000.0,Dealer_Hedging,0.0
2323,中環,2020-09-28,17000.0,Dealer_self,32000.0
2323,中環,2020-09-28,0.0,Foreign_Dealer_Self,0.0
2323,中環,2020-09-28,1331000.0,Foreign_Investor,853044.0
2323,中環,2020-09-28,0.0,Investment_Trust,0.0
2323,中環,2020-09-29,27000.0,Dealer_Hedging,0.0
2323,中環,2020-09-29,14000.0,Dealer_self,0.0
2323,中環,2020-09-29,0.0,Foreign_Dealer_Self,0.0
2323,中環,2020-09-29,1040000.0,Foreign_Investor,1283002.0
2323,中環,2020-09-29,0.0,Investment_Trust,0.0
2323,中環,2020-09-30,0.0,Dealer_Hedging,92000.0
2323,中環,2020-09-30,24000.0,Dealer_self,0.0
2323,中環,2020-09-30,0.0,Foreign_Dealer_Self,0.0
2323,中環,2020-09-30,931000.0,Foreign_Investor,411000.0
2323,中環,2020-09-30,0.0,Investment_Trust,0.0
2323,中環,2020-10-05,16173.0,Dealer_Hedging,100000.0
2323,中環,2020-10-05,40000.0,Dealer_self,0.0
2323,中環,2020-10-05,0.0,Foreign_Dealer_Self,0.0
2323,中環,2020-10-05,648000.0,Foreign_Investor,747000.0
2323,中環,2020-10-05,0.0,Investment_Trust,0.0
2323,中環,2020-10-06,19000.0,Dealer_Hedging,0.0
2323,中環,2020-10-06,26000.0,Dealer_self,4000.0
2323,中環,2020-10-06,0.0,Foreign_Dealer_Self,0.0
2323,中環,2020-10-06,2381000.0,Foreign_Investor,355000.0
2323,中環,2020-10-06,0.0,Investment_Trust,1000.0
2323,中環,2020-10-07,13000.0,Dealer_Hedging,23000.0
2323,中環,2020-10-07,17000.0,Dealer_self,26000.0
2323,中環,2020-10-07,0.0,Foreign_Dealer_Self,0.0
2323,中環,2020-10-07,2199000.0,Foreign_Investor,646878.0
2323,中環,2020-10-07,0.0,Investment_Trust,0.0
2323,中環,2020-10-08,16000.0,Dealer_Hedging,30000.0
2323,中環,2020-10-08,0.0,Dealer_self,8000.0
2323,中環,2020-10-08,0.0,Foreign_Dealer_Self,0.0
2323,中環,2020-10-08,1387000.0,Foreign_Investor,1369000.0
2323,中環,2020-10-08,0.0,Investment_Trust,2000.0
2323,中環,2020-10-12,52000.0,Dealer_Hedging,21000.0
2323,中環,2020-10-12,18000.0,Dealer_self,26000.0
2323,中環,2020-10-12,0.0,Foreign_Dealer_Self,0.0
2323,中環,2020-10-12,4586000.0,Foreign_Investor,5335213.0
2323,中環,2020-10-12,0.0,Investment_Trust,0.0
2323,中環,2020-10-13,12000.0,Dealer_Hedging,9000.0
2323,中環,2020-10-13,0.0,Dealer_self,6000.0
2323,中環,2020-10-13,0.0,Foreign_Dealer_Self,0.0
2323,中環,2020-10-13,1909000.0,Foreign_Investor,895000.0
2323,中環,2020-10-13,0.0,Investment_Trust,1000.0
2323,中環,2020-10-14,138000.0,Dealer_Hedging,54000.0
2323,中環,2020-10-14,8000.0,Dealer_self,45000.0
2323,中環,2020-10-14,0.0,Foreign_Dealer_Self,0.0
2323,中環,2020-10-14,2823000.0,Foreign_Investor,1036602.0
2323,中環,2020-10-14,0.0,Investment_Trust,1000.0
2323,中環,2020-10-15,139000.0,Dealer_Hedging,40000.0
2323,中環,2020-10-15,84000.0,Dealer_self,87000.0
2323,中環,2020-10-15,0.0,Foreign_Dealer_Self,0.0
2323,中環,2020-10-15,3369000.0,Foreign_Investor,6409000.0
2323,中環,2020-10-15,0.0,Investment_Trust,0.0
2323,中環,2020-10-16,55000.0,Dealer_Hedging,86000.0
2323,中環,2020-10-16,66000.0,Dealer_self,94000.0
2323,中環,2020-10-16,0.0,Foreign_Dealer_Self,0.0
2323,中環,2020-10-16,3170000.0,Foreign_Investor,4578000.0
2323,中環,2020-10-16,0.0,Investment_Trust,0.0
2323,中環,2020-10-19,282000.0,Dealer_Hedging,0.0
2323,中環,2020-10-19,141000.0,Dealer_self,16000.0
2323,中環,2020-10-19,0.0,Foreign_Dealer_Self,0.0
2323,中環,2020-10-19,1195000.0,Foreign_Investor,2344000.0
2323,中環,2020-10-19,0.0,Investment_Trust,0.0
2323,中環,2020-10-20,8000.0,Dealer_Hedging,206000.0
2323,中環,2020-10-20,22000.0,Dealer_self,55000.0
2323,中環,2020-10-20,0.0,Foreign_Dealer_Self,0.0
2323,中環,2020-10-20,597000.0,Foreign_Investor,1588091.0
2323,中環,2020-10-20,0.0,Investment_Trust,0.0
2323,中環,2020-10-21,4000.0,Dealer_Hedging,0.0
2323,中環,2020-10-21,10000.0,Dealer_self,197000.0
2323,中環,2020-10-21,0.0,Foreign_Dealer_Self,0.0
2323,中環,2020-10-21,2494000.0,Foreign_Investor,387000.0
2323,中環,2020-10-21,0.0,Investment_Trust,3000.0
2323,中環,2020-10-22,0.0,Dealer_Hedging,39000.0
2323,中環,2020-10-22,14000.0,Dealer_self,9000.0
2323,中環,2020-10-22,0.0,Foreign_Dealer_Self,0.0
2323,中環,2020-10-22,302000.0,Foreign_Investor,1412000.0
2323,中環,2020-10-22,0.0,Investment_Trust,0.0
2323,中環,2020-10-23,17000.0,Dealer_Hedging,0.0
2323,中環,2020-10-23,72000.0,Dealer_self,21000.0
2323,中環,2020-10-23,0.0,Foreign_Dealer_Self,0.0
2323,中環,2020-10-23,789000.0,Foreign_Investor,188000.0
2323,中環,2020-10-23,0.0,Investment_Trust,0.0
2323,中環,2020-10-26,98000.0,Dealer_Hedging,0.0
2323,中環,2020-10-26,44355.0,Dealer_self,2000.0
2323,中環,2020-10-26,0.0,Foreign_Dealer_Self,0.0
2323,中環,2020-10-26,1372000.0,Foreign_Investor,149000.0
2323,中環,2020-10-26,0.0,Investment_Trust,0.0
2323,中環,2020-10-27,0.0,Dealer_Hedging,84000.0
2323,中環,2020-10-27,68677.0,Dealer_self,15000.0
2323,中環,2020-10-27,0.0,Foreign_Dealer_Self,0.0
2323,中環,2020-10-27,2721000.0,Foreign_Investor,1406000.0
2323,中環,2020-10-27,0.0,Investment_Trust,0.0
2323,中環,2020-10-28,120000.0,Dealer_Hedging,42000.0
2323,中環,2020-10-28,11000.0,Dealer_self,255000.0
2323,中環,2020-10-28,0.0,Foreign_Dealer_Self,0.0
2323,中環,2020-10-28,1686000.0,Foreign_Investor,782000.0
2323,中環,2020-10-28,0.0,Investment_Trust,0.0
2323,中環,2020-10-29,202000.0,Dealer_Hedging,18000.0
2323,中環,2020-10-29,24342.0,Dealer_self,18164.0
2323,中環,2020-10-29,0.0,Foreign_Dealer_Self,0.0
2323,中環,2020-10-29,1391000.0,Foreign_Investor,679000.0
2323,中環,2020-10-29,0.0,Investment_Trust,0.0
2323,中環,2020-10-30,36000.0,Dealer_Hedging,58000.0
2323,中環,2020-10-30,4000.0,Dealer_self,32000.0
2323,中環,2020-10-30,0.0,Foreign_Dealer_Self,0.0
2323,中環,2020-10-30,691000.0,Foreign_Investor,2076000.0
2323,中環,2020-10-30,0.0,Investment_Trust,0.0
2323,中環,2020-11-02,0.0,Dealer_Hedging,80000.0
2323,中環,2020-11-02,0.0,Dealer_self,182003.0
2323,中環,2020-11-02,0.0,Foreign_Dealer_Self,0.0
2323,中環,2020-11-02,1491000.0,Foreign_Investor,2409000.0
2323,中環,2020-11-02,0.0,Investment_Trust,0.0
2323,中環,2020-11-03,25000.0,Dealer_Hedging,96000.0
2323,中環,2020-11-03,18696.0,Dealer_self,8000.0
2323,中環,2020-11-03,0.0,Foreign_Dealer_Self,0.0
2323,中環,2020-11-03,3064000.0,Foreign_Investor,206342.0
2323,中環,2020-11-03,1000.0,Investment_Trust,0.0
2323,中環,2020-11-04,37000.0,Dealer_Hedging,6000.0
2323,中環,2020-11-04,53000.0,Dealer_self,24000.0
2323,中環,2020-11-04,0.0,Foreign_Dealer_Self,0.0
2323,中環,2020-11-04,3052000.0,Foreign_Investor,634000.0
2323,中環,2020-11-04,0.0,Investment_Trust,0.0
2323,中環,2020-11-05,284000.0,Dealer_Hedging,14000.0
2323,中環,2020-11-05,38156.0,Dealer_self,26000.0
2323,中環,2020-11-05,0.0,Foreign_Dealer_Self,0.0
2323,中環,2020-11-05,3347000.0,Foreign_Investor,2117000.0
2323,中環,2020-11-05,0.0,Investment_Trust,0.0
2323,中環,2020-11-06,23000.0,Dealer_Hedging,237000.0
2323,中環,2020-11-06,4532.0,Dealer_self,4000.0
2323,中環,2020-11-06,0.0,Foreign_Dealer_Self,0.0
2323,中環,2020-11-06,1330000.0,Foreign_Investor,665000.0
2323,中環,2020-11-06,0.0,Investment_Trust,0.0
2323,中環,2020-11-09,49000.0,Dealer_Hedging,6000.0
2323,中環,2020-11-09,141816.0,Dealer_self,11000.0
2323,中環,2020-11-09,0.0,Foreign_Dealer_Self,0.0
2323,中環,2020-11-09,885000.0,Foreign_Investor,945000.0
2323,中環,2020-11-09,0.0,Investment_Trust,1000.0
2323,中環,2020-11-10,111000.0,Dealer_Hedging,10000.0
2323,中環,2020-11-10,6529.0,Dealer_self,1000.0
2323,中環,2020-11-10,0.0,Foreign_Dealer_Self,0.0
2323,中環,2020-11-10,1648000.0,Foreign_Investor,1469000.0
2323,中環,2020-11-10,0.0,Investment_Trust,0.0
2323,中環,2020-11-11,33000.0,Dealer_Hedging,130000.0
2323,中環,2020-11-11,150022.0,Dealer_self,0.0
2323,中環,2020-11-11,0.0,Foreign_Dealer_Self,0.0
2323,中環,2020-11-11,1516000.0,Foreign_Investor,925645.0
2323,中環,2020-11-11,1000.0,Investment_Trust,0.0
2323,中環,2020-11-12,0.0,Dealer_Hedging,84000.0
2323,中環,2020-11-12,70179.0,Dealer_self,0.0
2323,中環,2020-11-12,0.0,Foreign_Dealer_Self,0.0
2323,中環,2020-11-12,870000.0,Foreign_Investor,827000.0
2323,中環,2020-11-12,0.0,Investment_Trust,0.0
2323,中環,2020-11-13,1423000.0,Foreign_Investor,987000.0
2323,中環,2020-11-13,0.0,Foreign_Dealer_Self,0.0
2323,中環,2020-11-13,0.0,Investment_Trust,0.0
2323,中環,2020-11-13,58000.0,Dealer_self,38000.0
2323,中環,2020-11-13,18000.0,Dealer_Hedging,55000.0
2323,中環,2020-11-16,1523000.0,Foreign_Investor,4769000.0
2323,中環,2020-11-16,0.0,Foreign_Dealer_Self,0.0
2323,中環,2020-11-16,0.0,Investment_Trust,0.0
2323,中環,2020-11-16,55000.0,Dealer_self,33000.0
2323,中環,2020-11-16,16000.0,Dealer_Hedging,101000.0
2323,中環,2020-11-17,764000.0,Foreign_Investor,1535000.0
2323,中環,2020-11-17,0.0,Foreign_Dealer_Self,0.0
2323,中環,2020-11-17,0.0,Investment_Trust,0.0
2323,中環,2020-11-17,32076.0,Dealer_self,18000.0
2323,中環,2020-11-17,0.0,Dealer_Hedging,18000.0
2323,中環,2020-11-18,4087000.0,Foreign_Investor,10249000.0
2323,中環,2020-11-18,0.0,Foreign_Dealer_Self,0.0
2323,中環,2020-11-18,0.0,Investment_Trust,0.0
2323,中環,2020-11-18,270681.0,Dealer_self,361040.0
2323,中環,2020-11-18,339000.0,Dealer_Hedging,78000.0
2323,中環,2020-11-19,7179000.0,Foreign_Investor,3532000.0
2323,中環,2020-11-19,0.0,Foreign_Dealer_Self,0.0
2323,中環,2020-11-19,0.0,Investment_Trust,0.0
2323,中環,2020-11-19,851101.0,Dealer_self,578000.0
2323,中環,2020-11-19,365000.0,Dealer_Hedging,275000.0
2323,中環,2020-11-20,3757000.0,Foreign_Investor,2728000.0
2323,中環,2020-11-20,0.0,Foreign_Dealer_Self,0.0
2323,中環,2020-11-20,0.0,Investment_Trust,0.0
2323,中環,2020-11-20,1697126.0,Dealer_self,12245.0
2323,中環,2020-11-20,589000.0,Dealer_Hedging,506000.0
2323,中環,2020-11-23,2194012.0,Foreign_Investor,1284000.0
2323,中環,2020-11-23,0.0,Foreign_Dealer_Self,0.0
2323,中環,2020-11-23,0.0,Investment_Trust,0.0
2323,中環,2020-11-23,554911.0,Dealer_self,52000.0
2323,中環,2020-11-23,7000.0,Dealer_Hedging,158000.0
2323,中環,2020-11-24,2336000.0,Foreign_Investor,1658000.0
2323,中環,2020-11-24,0.0,Foreign_Dealer_Self,0.0
2323,中環,2020-11-24,0.0,Investment_Trust,0.0
2323,中環,2020-11-24,339000.0,Dealer_self,6392.0
2323,中環,2020-11-24,2000.0,Dealer_Hedging,151000.0
2323,中環,2020-11-25,4502000.0,Foreign_Investor,2425000.0
2323,中環,2020-11-25,0.0,Foreign_Dealer_Self,0.0
2323,中環,2020-11-25,0.0,Investment_Trust,0.0
2323,中環,2020-11-25,76764.0,Dealer_self,18000.0
2323,中環,2020-11-25,16000.0,Dealer_Hedging,45000.0
2323,中環,2020-11-26,2036000.0,Foreign_Investor,2084000.0
2323,中環,2020-11-26,0.0,Foreign_Dealer_Self,0.0
2323,中環,2020-11-26,0.0,Investment_Trust,0.0
2323,中環,2020-11-26,0.0,Dealer_self,1241000.0
2323,中環,2020-11-26,1000.0,Dealer_Hedging,196000.0
2323,中環,2020-11-27,1045000.0,Foreign_Investor,1918000.0
2323,中環,2020-11-27,0.0,Foreign_Dealer_Self,0.0
2323,中環,2020-11-27,0.0,Investment_Trust,0.0
2323,中環,2020-11-27,7799.0,Dealer_self,186000.0
2323,中環,2020-11-27,1000.0,Dealer_Hedging,0.0
2323,中環,2020-11-30,12329001.0,Foreign_Investor,2391000.0
2323,中環,2020-11-30,0.0,Foreign_Dealer_Self,0.0
2323,中環,2020-11-30,0.0,Investment_Trust,0.0
2323,中環,2020-11-30,96228.0,Dealer_self,161000.0
2323,中環,2020-11-30,30000.0,Dealer_Hedging,16000.0
2323,中環,2020-12-01,6846000.0,Foreign_Investor,2493000.0
2323,中環,2020-12-01,0.0,Foreign_Dealer_Self,0.0
2323,中環,2020-12-01,0.0,Investment_Trust,0.0
2323,中環,2020-12-01,68959.0,Dealer_self,54000.0
2323,中環,2020-12-01,30000.0,Dealer_Hedging,2000.0
2323,中環,2020-12-02,0.0,Foreign_Dealer_Self,0.0
2323,中環,2020-12-02,0.0,Investment_Trust,0.0
2323,中環,2020-12-02,32000.0,Dealer_self,88359.0
2323,中環,2020-12-02,0.0,Dealer_Hedging,18000.0
2323,中環,2020-12-02,3107000.0,Foreign_Investor,3408000.0
2323,中環,2020-12-03,4868000.0,Foreign_Investor,2244000.0
2323,中環,2020-12-03,0.0,Foreign_Dealer_Self,0.0
2323,中環,2020-12-03,0.0,Investment_Trust,0.0
2323,中環,2020-12-03,64000.0,Dealer_self,61000.0
2323,中環,2020-12-03,25000.0,Dealer_Hedging,29000.0
2323,中環,2020-12-04,5249000.0,Foreign_Investor,3995000.0
2323,中環,2020-12-04,0.0,Foreign_Dealer_Self,0.0
2323,中環,2020-12-04,0.0,Investment_Trust,0.0
2323,中環,2020-12-04,78007.0,Dealer_self,113000.0
2323,中環,2020-12-04,13000.0,Dealer_Hedging,9000.0
2323,中環,2020-12-07,3744000.0,Foreign_Investor,2537000.0
2323,中環,2020-12-07,0.0,Foreign_Dealer_Self,0.0
2323,中環,2020-12-07,0.0,Investment_Trust,0.0
2323,中環,2020-12-07,80187.0,Dealer_self,57000.0
2323,中環,2020-12-07,64000.0,Dealer_Hedging,126000.0
2323,中環,2020-12-08,9967000.0,Foreign_Investor,23727000.0
2323,中環,2020-12-08,0.0,Foreign_Dealer_Self,0.0
2323,中環,2020-12-08,0.0,Investment_Trust,0.0
2323,中環,2020-12-08,139000.0,Dealer_self,430690.0
2323,中環,2020-12-08,0.0,Dealer_Hedging,125000.0
2323,中環,2020-12-09,4778000.0,Foreign_Investor,6351000.0
2323,中環,2020-12-09,0.0,Foreign_Dealer_Self,0.0
2323,中環,2020-12-09,0.0,Investment_Trust,0.0
2323,中環,2020-12-09,188328.0,Dealer_self,347000.0
2323,中環,2020-12-09,6000.0,Dealer_Hedging,15000.0
2323,中環,2020-12-10,1162000.0,Foreign_Investor,3969000.0
2323,中環,2020-12-10,0.0,Foreign_Dealer_Self,0.0
2323,中環,2020-12-10,0.0,Investment_Trust,0.0
2323,中環,2020-12-10,119890.0,Dealer_self,170248.0
2323,中環,2020-12-10,1000.0,Dealer_Hedging,157000.0
2323,中環,2020-12-11,1609000.0,Foreign_Investor,2983000.0
2323,中環,2020-12-11,0.0,Foreign_Dealer_Self,0.0
2323,中環,2020-12-11,0.0,Investment_Trust,0.0
2323,中環,2020-12-11,120000.0,Dealer_self,8093.0
2323,中環,2020-12-11,0.0,Dealer_Hedging,5000.0
2323,中環,2020-12-14,3630000.0,Foreign_Investor,1250000.0
2323,中環,2020-12-14,0.0,Foreign_Dealer_Self,0.0
2323,中環,2020-12-14,0.0,Investment_Trust,0.0
2323,中環,2020-12-14,58976.0,Dealer_self,68000.0
2323,中環,2020-12-14,1000.0,Dealer_Hedging,178000.0
2323,中環,2020-12-15,2354000.0,Foreign_Investor,2742000.0
2323,中環,2020-12-15,0.0,Foreign_Dealer_Self,0.0
2323,中環,2020-12-15,0.0,Investment_Trust,0.0
2323,中環,2020-12-15,20029.0,Dealer_self,136198.0
2323,中環,2020-12-15,0.0,Dealer_Hedging,0.0
2323,中環,2020-12-16,2467000.0,Foreign_Investor,2535000.0
2323,中環,2020-12-16,0.0,Foreign_Dealer_Self,0.0
2323,中環,2020-12-16,0.0,Investment_Trust,0.0
2323,中環,2020-12-16,19116.0,Dealer_self,648000.0
2323,中環,2020-12-16,0.0,Dealer_Hedging,50000.0
2323,中環,2020-12-17,1489000.0,Foreign_Investor,2183000.0
2323,中環,2020-12-17,0.0,Foreign_Dealer_Self,0.0
2323,中環,2020-12-17,0.0,Investment_Trust,0.0
2323,中環,2020-12-17,40936.0,Dealer_self,35000.0
2323,中環,2020-12-17,0.0,Dealer_Hedging,0.0
2323,中環,2020-12-18,2326000.0,Foreign_Investor,1496000.0
2323,中環,2020-12-18,0.0,Foreign_Dealer_Self,0.0
2323,中環,2020-12-18,2000.0,Investment_Trust,0.0
2323,中環,2020-12-18,33432.0,Dealer_self,85000.0
2323,中環,2020-12-18,0.0,Dealer_Hedging,0.0
2323,中環,2020-12-21,3627000.0,Foreign_Investor,1442000.0
2323,中環,2020-12-21,0.0,Foreign_Dealer_Self,0.0
2323,中環,2020-12-21,0.0,Investment_Trust,0.0
2323,中環,2020-12-21,15591.0,Dealer_self,61000.0
2323,中環,2020-12-21,0.0,Dealer_Hedging,0.0
2323,中環,2020-12-22,5798000.0,Foreign_Investor,3595000.0
2323,中環,2020-12-22,0.0,Foreign_Dealer_Self,0.0
2323,中環,2020-12-22,0.0,Investment_Trust,0.0
2323,中環,2020-12-22,194319.0,Dealer_self,67000.0
2323,中環,2020-12-22,2000.0,Dealer_Hedging,0.0
2323,中環,2020-12-23,3140000.0,Foreign_Investor,1996000.0
2323,中環,2020-12-23,0.0,Foreign_Dealer_Self,0.0
2323,中環,2020-12-23,0.0,Investment_Trust,0.0
2323,中環,2020-12-23,15940.0,Dealer_self,5000.0
2323,中環,2020-12-23,0.0,Dealer_Hedging,0.0
2323,中環,2020-12-24,5370000.0,Foreign_Investor,3328000.0
2323,中環,2020-12-24,0.0,Foreign_Dealer_Self,0.0
2323,中環,2020-12-24,0.0,Investment_Trust,0.0
2323,中環,2020-12-24,22057.0,Dealer_self,11000.0
2323,中環,2020-12-24,0.0,Dealer_Hedging,0.0
2323,中環,2020-12-25,2998000.0,Foreign_Investor,2336000.0
2323,中環,2020-12-25,0.0,Foreign_Dealer_Self,0.0
2323,中環,2020-12-25,0.0,Investment_Trust,0.0
2323,中環,2020-12-25,14643.0,Dealer_self,35000.0
2323,中環,2020-12-25,0.0,Dealer_Hedging,0.0
2323,中環,2020-12-28,3106000.0,Foreign_Investor,1315000.0
2323,中環,2020-12-28,0.0,Foreign_Dealer_Self,0.0
2323,中環,2020-12-28,0.0,Investment_Trust,0.0
2323,中環,2020-12-28,86173.0,Dealer_self,9000.0
2323,中環,2020-12-28,0.0,Dealer_Hedging,0.0
2323,中環,2020-12-29,5654000.0,Foreign_Investor,1394000.0
2323,中環,2020-12-29,0.0,Foreign_Dealer_Self,0.0
2323,中環,2020-12-29,0.0,Investment_Trust,0.0
2323,中環,2020-12-29,54642.0,Dealer_self,15000.0
2323,中環,2020-12-29,0.0,Dealer_Hedging,0.0
2323,中環,2020-12-30,3772000.0,Foreign_Investor,4904000.0
2323,中環,2020-12-30,0.0,Foreign_Dealer_Self,0.0
2323,中環,2020-12-30,0.0,Investment_Trust,0.0
2323,中環,2020-12-30,211107.0,Dealer_self,55000.0
2323,中環,2020-12-30,5000.0,Dealer_Hedging,0.0
2323,中環,2020-12-31,2540000.0,Foreign_Investor,3726000.0
2323,中環,2020-12-31,0.0,Foreign_Dealer_Self,0.0
2323,中環,2020-12-31,0.0,Investment_Trust,0.0
2323,中環,2020-12-31,21000.0,Dealer_self,72001.0
2323,中環,2020-12-31,0.0,Dealer_Hedging,0.0
2323,中環,2021-01-04,2436000.0,Foreign_Investor,2551000.0
2323,中環,2021-01-04,0.0,Foreign_Dealer_Self,0.0
2323,中環,2021-01-04,0.0,Investment_Trust,0.0
2323,中環,2021-01-04,48750.0,Dealer_self,2000.0
2323,中環,2021-01-04,0.0,Dealer_Hedging,0.0
2323,中環,2021-01-05,1918000.0,Foreign_Investor,2023000.0
2323,中環,2021-01-05,0.0,Foreign_Dealer_Self,0.0
2323,中環,2021-01-05,0.0,Investment_Trust,0.0
2323,中環,2021-01-05,84000.0,Dealer_self,2000.0
2323,中環,2021-01-05,0.0,Dealer_Hedging,0.0
2323,中環,2021-01-06,3835000.0,Foreign_Investor,2995000.0
2323,中環,2021-01-06,0.0,Foreign_Dealer_Self,0.0
2323,中環,2021-01-06,0.0,Investment_Trust,0.0
2323,中環,2021-01-06,67990.0,Dealer_self,146100.0
2323,中環,2021-01-06,6000.0,Dealer_Hedging,0.0
2323,中環,2021-01-07,4561000.0,Foreign_Investor,2830000.0
2323,中環,2021-01-07,0.0,Foreign_Dealer_Self,0.0
2323,中環,2021-01-07,0.0,Investment_Trust,0.0
2323,中環,2021-01-07,57869.0,Dealer_self,30000.0
2323,中環,2021-01-07,4000.0,Dealer_Hedging,0.0
2323,中環,2021-01-08,1746000.0,Foreign_Investor,1193000.0
2323,中環,2021-01-08,0.0,Foreign_Dealer_Self,0.0
2323,中環,2021-01-08,0.0,Investment_Trust,0.0
2323,中環,2021-01-08,57365.0,Dealer_self,3000.0
2323,中環,2021-01-08,0.0,Dealer_Hedging,0.0
2323,中環,2021-01-11,3099000.0,Foreign_Investor,1170000.0
2323,中環,2021-01-11,0.0,Foreign_Dealer_Self,0.0
2323,中環,2021-01-11,0.0,Investment_Trust,0.0
2323,中環,2021-01-11,48493.0,Dealer_self,18000.0
2323,中環,2021-01-11,0.0,Dealer_Hedging,0.0
2323,中環,2021-01-12,2513000.0,Foreign_Investor,2379000.0
2323,中環,2021-01-12,0.0,Foreign_Dealer_Self,0.0
2323,中環,2021-01-12,0.0,Investment_Trust,0.0
2323,中環,2021-01-12,6852.0,Dealer_self,73900.0
2323,中環,2021-01-12,0.0,Dealer_Hedging,0.0
2323,中環,2021-01-13,0.0,Foreign_Dealer_Self,0.0
2323,中環,2021-01-13,0.0,Investment_Trust,0.0
2323,中環,2021-01-13,104361.0,Dealer_self,9000.0
2323,中環,2021-01-13,0.0,Dealer_Hedging,2000.0
2323,中環,2021-01-13,3170000.0,Foreign_Investor,1450000.0
2323,中環,2021-01-14,3185000.0,Foreign_Investor,1556000.0
2323,中環,2021-01-14,0.0,Foreign_Dealer_Self,0.0
2323,中環,2021-01-14,0.0,Investment_Trust,0.0
2323,中環,2021-01-14,19592.0,Dealer_self,53000.0
2323,中環,2021-01-14,0.0,Dealer_Hedging,0.0
2323,中環,2021-01-15,1797000.0,Foreign_Investor,2876000.0
2323,中環,2021-01-15,0.0,Foreign_Dealer_Self,0.0
2323,中環,2021-01-15,0.0,Investment_Trust,0.0
2323,中環,2021-01-15,8607.0,Dealer_self,70263.0
2323,中環,2021-01-15,0.0,Dealer_Hedging,6000.0
2323,中環,2021-01-18,4056001.0,Foreign_Investor,2288000.0
2323,中環,2021-01-18,0.0,Foreign_Dealer_Self,0.0
2323,中環,2021-01-18,0.0,Investment_Trust,0.0
2323,中環,2021-01-18,22189.0,Dealer_self,107000.0
2323,中環,2021-01-18,0.0,Dealer_Hedging,0.0
2323,中環,2021-01-19,2183000.0,Foreign_Investor,992000.0
2323,中環,2021-01-19,0.0,Foreign_Dealer_Self,0.0
2323,中環,2021-01-19,0.0,Investment_Trust,0.0
2323,中環,2021-01-19,30555.0,Dealer_self,51000.0
2323,中環,2021-01-19,0.0,Dealer_Hedging,0.0
2323,中環,2021-01-20,1362000.0,Foreign_Investor,5453000.0
2323,中環,2021-01-20,0.0,Foreign_Dealer_Self,0.0
2323,中環,2021-01-20,0.0,Investment_Trust,0.0
2323,中環,2021-01-20,3138.0,Dealer_self,293774.0
2323,中環,2021-01-20,0.0,Dealer_Hedging,74000.0
2323,中環,2021-01-21,3121001.0,Foreign_Investor,2234000.0
2323,中環,2021-01-21,0.0,Foreign_Dealer_Self,0.0
2323,中環,2021-01-21,0.0,Investment_Trust,0.0
2323,中環,2021-01-21,41904.0,Dealer_self,8132.0
2323,中環,2021-01-21,0.0,Dealer_Hedging,0.0
2323,中環,2021-01-22,1461000.0,Foreign_Investor,2198000.0
2323,中環,2021-01-22,0.0,Foreign_Dealer_Self,0.0
2323,中環,2021-01-22,0.0,Investment_Trust,0.0
2323,中環,2021-01-22,49698.0,Dealer_self,2000.0
2323,中環,2021-01-22,0.0,Dealer_Hedging,0.0
2323,中環,2021-01-25,3115000.0,Foreign_Investor,1372000.0
2323,中環,2021-01-25,0.0,Foreign_Dealer_Self,0.0
2323,中環,2021-01-25,0.0,Investment_Trust,0.0
2323,中環,2021-01-25,60928.0,Dealer_self,9126.0
2323,中環,2021-01-25,4000.0,Dealer_Hedging,0.0
2323,中環,2021-01-26,730000.0,Foreign_Investor,1908000.0
2323,中環,2021-01-26,0.0,Foreign_Dealer_Self,0.0
2323,中環,2021-01-26,0.0,Investment_Trust,0.0
2323,中環,2021-01-26,236.0,Dealer_self,14014.0
2323,中環,2021-01-26,2000.0,Dealer_Hedging,0.0
2323,中環,2021-01-27,0.0,Foreign_Dealer_Self,0.0
2323,中環,2021-01-27,0.0,Investment_Trust,0.0
2323,中環,2021-01-27,66058.0,Dealer_self,2000.0
2323,中環,2021-01-27,2000.0,Dealer_Hedging,0.0
2323,中環,2021-01-27,5933000.0,Foreign_Investor,5905000.0
2323,中環,2021-01-28,3380000.0,Foreign_Investor,1102000.0
2323,中環,2021-01-28,0.0,Foreign_Dealer_Self,0.0
2323,中環,2021-01-28,0.0,Investment_Trust,0.0
2323,中環,2021-01-28,17948.0,Dealer_self,38666.0
2323,中環,2021-01-28,0.0,Dealer_Hedging,0.0
2323,中環,2021-01-29,986000.0,Foreign_Investor,2991000.0
2323,中環,2021-01-29,0.0,Foreign_Dealer_Self,0.0
2323,中環,2021-01-29,0.0,Investment_Trust,0.0
2323,中環,2021-01-29,17663.0,Dealer_self,19894.0
2323,中環,2021-01-29,0.0,Dealer_Hedging,0.0
2323,中環,2021-02-01,1891000.0,Foreign_Investor,1695000.0
2323,中環,2021-02-01,0.0,Foreign_Dealer_Self,0.0
2323,中環,2021-02-01,0.0,Investment_Trust,0.0
2323,中環,2021-02-01,23290.0,Dealer_self,21000.0
2323,中環,2021-02-01,0.0,Dealer_Hedging,0.0
2323,中環,2021-02-02,1929000.0,Foreign_Investor,820000.0
2323,中環,2021-02-02,0.0,Foreign_Dealer_Self,0.0
2323,中環,2021-02-02,0.0,Investment_Trust,0.0
2323,中環,2021-02-02,31734.0,Dealer_self,139000.0
2323,中環,2021-02-02,0.0,Dealer_Hedging,0.0
2323,中環,2021-02-03,0.0,Foreign_Dealer_Self,0.0
2323,中環,2021-02-03,0.0,Investment_Trust,1000.0
2323,中環,2021-02-03,2532.0,Dealer_self,42000.0
2323,中環,2021-02-03,0.0,Dealer_Hedging,0.0
2323,中環,2021-02-03,2138000.0,Foreign_Investor,3087000.0
2323,中環,2021-02-04,925000.0,Foreign_Investor,3334000.0
2323,中環,2021-02-04,0.0,Foreign_Dealer_Self,0.0
2323,中環,2021-02-04,0.0,Investment_Trust,0.0
2323,中環,2021-02-04,7720.0,Dealer_self,137000.0
2323,中環,2021-02-04,2000.0,Dealer_Hedging,0.0
2323,中環,2021-02-05,358000.0,Foreign_Investor,2090000.0
2323,中環,2021-02-05,0.0,Foreign_Dealer_Self,0.0
2323,中環,2021-02-05,0.0,Investment_Trust,0.0
2323,中環,2021-02-05,43000.0,Dealer_self,111142.0
2323,中環,2021-02-05,2000.0,Dealer_Hedging,0.0
2323,中環,2021-02-17,2605001.0,Foreign_Investor,8234799.0
2323,中環,2021-02-17,0.0,Foreign_Dealer_Self,0.0
2323,中環,2021-02-17,0.0,Investment_Trust,0.0
2323,中環,2021-02-17,84425.0,Dealer_self,235775.0
2323,中環,2021-02-17,0.0,Dealer_Hedging,0.0
2323,中環,2021-02-18,838100.0,Foreign_Investor,4892000.0
2323,中環,2021-02-18,0.0,Foreign_Dealer_Self,0.0
2323,中環,2021-02-18,0.0,Investment_Trust,0.0
2323,中環,2021-02-18,32911.0,Dealer_self,9000.0
2323,中環,2021-02-18,0.0,Dealer_Hedging,0.0
2323,中環,2021-02-19,803000.0,Foreign_Investor,2997000.0
2323,中環,2021-02-19,0.0,Foreign_Dealer_Self,0.0
2323,中環,2021-02-19,0.0,Investment_Trust,0.0
2323,中環,2021-02-19,69082.0,Dealer_self,3000.0
2323,中環,2021-02-19,2000.0,Dealer_Hedging,0.0
2323,中環,2021-02-22,2174000.0,Foreign_Investor,3316000.0
2323,中環,2021-02-22,0.0,Foreign_Dealer_Self,0.0
2323,中環,2021-02-22,0.0,Investment_Trust,0.0
2323,中環,2021-02-22,21563.0,Dealer_self,90000.0
2323,中環,2021-02-22,3000.0,Dealer_Hedging,0.0
2323,中環,2021-02-23,1560000.0,Foreign_Investor,2092000.0
2323,中環,2021-02-23,0.0,Foreign_Dealer_Self,0.0
2323,中環,2021-02-23,0.0,Investment_Trust,0.0
2323,中環,2021-02-23,14834.0,Dealer_self,5000.0
2323,中環,2021-02-23,0.0,Dealer_Hedging,0.0
2323,中環,2021-02-24,1056000.0,Foreign_Investor,6428000.0
2323,中環,2021-02-24,0.0,Foreign_Dealer_Self,0.0
2323,中環,2021-02-24,0.0,Investment_Trust,0.0
2323,中環,2021-02-24,181135.0,Dealer_self,120000.0
2323,中環,2021-02-24,3000.0,Dealer_Hedging,0.0
2323,中環,2021-02-25,998000.0,Foreign_Investor,2458000.0
2323,中環,2021-02-25,0.0,Foreign_Dealer_Self,0.0
2323,中環,2021-02-25,1000.0,Investment_Trust,0.0
2323,中環,2021-02-25,12917.0,Dealer_self,59000.0
2323,中環,2021-02-25,0.0,Dealer_Hedging,0.0
2323,中環,2021-02-26,1712000.0,Foreign_Investor,4604000.0
2323,中環,2021-02-26,0.0,Foreign_Dealer_Self,0.0
2323,中環,2021-02-26,0.0,Investment_Trust,0.0
2323,中環,2021-02-26,94000.0,Dealer_self,32452.0
2323,中環,2021-02-26,0.0,Dealer_Hedging,0.0
2323,中環,2021-03-02,1417000.0,Foreign_Investor,1818797.0
2323,中環,2021-03-02,0.0,Foreign_Dealer_Self,0.0
2323,中環,2021-03-02,0.0,Investment_Trust,0.0
2323,中環,2021-03-02,44107.0,Dealer_self,12013.0
2323,中環,2021-03-02,2000.0,Dealer_Hedging,0.0
2323,中環,2021-03-03,2294000.0,Foreign_Investor,2281000.0
2323,中環,2021-03-03,0.0,Foreign_Dealer_Self,0.0
2323,中環,2021-03-03,0.0,Investment_Trust,0.0
2323,中環,2021-03-03,179566.0,Dealer_self,4003.0
2323,中環,2021-03-03,0.0,Dealer_Hedging,0.0
2323,中環,2021-03-04,742000.0,Foreign_Investor,2242000.0
2323,中環,2021-03-04,0.0,Foreign_Dealer_Self,0.0
2323,中環,2021-03-04,0.0,Investment_Trust,0.0
2323,中環,2021-03-04,0.0,Dealer_self,59000.0
2323,中環,2021-03-04,0.0,Dealer_Hedging,0.0
2323,中環,2021-03-05,1759000.0,Foreign_Investor,2777000.0
2323,中環,2021-03-05,0.0,Foreign_Dealer_Self,0.0
2323,中環,2021-03-05,0.0,Investment_Trust,0.0
2323,中環,2021-03-05,4000.0,Dealer_self,4575.0
2323,中環,2021-03-05,0.0,Dealer_Hedging,0.0
2323,中環,2021-03-08,730000.0,Foreign_Investor,2269000.0
2323,中環,2021-03-08,0.0,Foreign_Dealer_Self,0.0
2323,中環,2021-03-08,0.0,Investment_Trust,0.0
2323,中環,2021-03-08,27590.0,Dealer_self,20002.0
2323,中環,2021-03-08,0.0,Dealer_Hedging,0.0
2323,中環,2021-03-09,1040000.0,Foreign_Investor,1248000.0
2323,中環,2021-03-09,0.0,Foreign_Dealer_Self,0.0
2323,中環,2021-03-09,0.0,Investment_Trust,0.0
2323,中環,2021-03-09,6280.0,Dealer_self,1000.0
2323,中環,2021-03-09,0.0,Dealer_Hedging,0.0
2323,中環,2021-03-10,2685000.0,Foreign_Investor,410000.0
2323,中環,2021-03-10,0.0,Foreign_Dealer_Self,0.0
2323,中環,2021-03-10,0.0,Investment_Trust,0.0
2323,中環,2021-03-10,25259.0,Dealer_self,49000.0
2323,中環,2021-03-10,0.0,Dealer_Hedging,0.0
2323,中環,2021-03-11,1264000.0,Foreign_Investor,779000.0
2323,中環,2021-03-11,0.0,Foreign_Dealer_Self,0.0
2323,中環,2021-03-11,0.0,Investment_Trust,0.0
2323,中環,2021-03-11,55701.0,Dealer_self,48000.0
2323,中環,2021-03-11,0.0,Dealer_Hedging,0.0
2323,中環,2021-03-12,1034000.0,Foreign_Investor,811000.0
2323,中環,2021-03-12,0.0,Foreign_Dealer_Self,0.0
2323,中環,2021-03-12,0.0,Investment_Trust,0.0
2323,中環,2021-03-12,1014.0,Dealer_self,13000.0
2323,中環,2021-03-12,0.0,Dealer_Hedging,0.0
2323,中環,2021-03-15,472000.0,Foreign_Investor,1791000.0
2323,中環,2021-03-15,0.0,Foreign_Dealer_Self,0.0
2323,中環,2021-03-15,0.0,Investment_Trust,0.0
2323,中環,2021-03-15,22153.0,Dealer_self,83000.0
2323,中環,2021-03-15,0.0,Dealer_Hedging,0.0
2323,中環,2021-03-16,736000.0,Foreign_Investor,1350000.0
2323,中環,2021-03-16,0.0,Foreign_Dealer_Self,0.0
2323,中環,2021-03-16,0.0,Investment_Trust,0.0
2323,中環,2021-03-16,14000.0,Dealer_self,153000.0
2323,中環,2021-03-16,0.0,Dealer_Hedging,0.0
2323,中環,2021-03-17,910000.0,Foreign_Investor,1009001.0
2323,中環,2021-03-17,0.0,Foreign_Dealer_Self,0.0
2323,中環,2021-03-17,0.0,Investment_Trust,0.0
2323,中環,2021-03-17,20000.0,Dealer_self,215000.0
2323,中環,2021-03-17,0.0,Dealer_Hedging,70000.0
2323,中環,2021-03-18,1649000.0,Foreign_Investor,2147000.0
2323,中環,2021-03-18,0.0,Foreign_Dealer_Self,0.0
2323,中環,2021-03-18,0.0,Investment_Trust,0.0
2323,中環,2021-03-18,16021.0,Dealer_self,14000.0
2323,中環,2021-03-18,0.0,Dealer_Hedging,0.0
2323,中環,2021-03-19,1366000.0,Foreign_Investor,1140000.0
2323,中環,2021-03-19,0.0,Foreign_Dealer_Self,0.0
2323,中環,2021-03-19,1000.0,Investment_Trust,0.0
2323,中環,2021-03-19,67211.0,Dealer_self,10000.0
2323,中環,2021-03-19,0.0,Dealer_Hedging,0.0
2323,中環,2021-03-22,4596000.0,Foreign_Investor,1659000.0
2323,中環,2021-03-22,0.0,Foreign_Dealer_Self,0.0
2323,中環,2021-03-22,0.0,Investment_Trust,0.0
2323,中環,2021-03-22,124637.0,Dealer_self,21000.0
2323,中環,2021-03-22,0.0,Dealer_Hedging,0.0
2323,中環,2021-03-23,798000.0,Foreign_Investor,3212000.0
2323,中環,2021-03-23,0.0,Foreign_Dealer_Self,0.0
2323,中環,2021-03-23,0.0,Investment_Trust,0.0
2323,中環,2021-03-23,64000.0,Dealer_self,77000.0
2323,中環,2021-03-23,0.0,Dealer_Hedging,0.0
2323,中環,2021-03-24,1982000.0,Foreign_Investor,2946206.0
2323,中環,2021-03-24,0.0,Foreign_Dealer_Self,0.0
2323,中環,2021-03-24,0.0,Investment_Trust,0.0
2323,中環,2021-03-24,12571.0,Dealer_self,37000.0
2323,中環,2021-03-24,0.0,Dealer_Hedging,0.0
2323,中環,2021-03-25,147000.0,Foreign_Investor,1314000.0
2323,中環,2021-03-25,0.0,Foreign_Dealer_Self,0.0
2323,中環,2021-03-25,0.0,Investment_Trust,0.0
2323,中環,2021-03-25,8000.0,Dealer_self,20000.0
2323,中環,2021-03-25,0.0,Dealer_Hedging,769.0
2323,中環,2021-03-26,5834000.0,Foreign_Investor,1232000.0
2323,中環,2021-03-26,0.0,Foreign_Dealer_Self,0.0
2323,中環,2021-03-26,0.0,Investment_Trust,0.0
2323,中環,2021-03-26,4000.0,Dealer_self,24000.0
2323,中環,2021-03-26,0.0,Dealer_Hedging,0.0
2323,中環,2021-03-29,5691000.0,Foreign_Investor,12489001.0
2323,中環,2021-03-29,0.0,Foreign_Dealer_Self,0.0
2323,中環,2021-03-29,0.0,Investment_Trust,0.0
2323,中環,2021-03-29,188607.0,Dealer_self,256310.0
2323,中環,2021-03-29,0.0,Dealer_Hedging,0.0
2323,中環,2021-03-30,10231000.0,Foreign_Investor,10080915.0
2323,中環,2021-03-30,0.0,Foreign_Dealer_Self,0.0
2323,中環,2021-03-30,0.0,Investment_Trust,0.0
2323,中環,2021-03-30,384630.0,Dealer_self,44000.0
2323,中環,2021-03-30,0.0,Dealer_Hedging,0.0
2323,中環,2021-03-31,3724000.0,Foreign_Investor,7523000.0
2323,中環,2021-03-31,0.0,Foreign_Dealer_Self,0.0
2323,中環,2021-03-31,0.0,Investment_Trust,0.0
2323,中環,2021-03-31,22000.0,Dealer_self,40000.0
2323,中環,2021-03-31,0.0,Dealer_Hedging,0.0
2323,中環,2021-04-01,3477000.0,Foreign_Investor,2365000.0
2323,中環,2021-04-01,0.0,Foreign_Dealer_Self,0.0
2323,中環,2021-04-01,0.0,Investment_Trust,0.0
2323,中環,2021-04-01,7000.0,Dealer_self,24000.0
2323,中環,2021-04-01,0.0,Dealer_Hedging,0.0
2323,中環,2021-04-06,2625000.0,Foreign_Investor,5083000.0
2323,中環,2021-04-06,0.0,Foreign_Dealer_Self,0.0
2323,中環,2021-04-06,0.0,Investment_Trust,0.0
2323,中環,2021-04-06,55000.0,Dealer_self,42000.0
2323,中環,2021-04-06,0.0,Dealer_Hedging,0.0
2323,中環,2021-04-07,5782000.0,Foreign_Investor,1205000.0
2323,中環,2021-04-07,0.0,Foreign_Dealer_Self,0.0
2323,中環,2021-04-07,0.0,Investment_Trust,0.0
2323,中環,2021-04-07,42000.0,Dealer_self,10000.0
2323,中環,2021-04-07,0.0,Dealer_Hedging,0.0
2323,中環,2021-04-08,8132000.0,Foreign_Investor,1464000.0
2323,中環,2021-04-08,0.0,Foreign_Dealer_Self,0.0
2323,中環,2021-04-08,0.0,Investment_Trust,1000.0
2323,中環,2021-04-08,164393.0,Dealer_self,88000.0
2323,中環,2021-04-08,0.0,Dealer_Hedging,0.0
2323,中環,2021-04-09,2745000.0,Foreign_Investor,4801000.0
2323,中環,2021-04-09,0.0,Foreign_Dealer_Self,0.0
2323,中環,2021-04-09,0.0,Investment_Trust,0.0
2323,中環,2021-04-09,10000.0,Dealer_self,104100.0
2323,中環,2021-04-09,21000.0,Dealer_Hedging,0.0
2323,中環,2021-04-12,0.0,Foreign_Dealer_Self,0.0
2323,中環,2021-04-12,0.0,Investment_Trust,0.0
2323,中環,2021-04-12,680135.0,Dealer_self,24000.0
2323,中環,2021-04-12,362000.0,Dealer_Hedging,0.0
2323,中環,2021-04-12,9562000.0,Foreign_Investor,4308000.0
2323,中環,2021-04-13,3567000.0,Foreign_Investor,7106000.0
2323,中環,2021-04-13,0.0,Foreign_Dealer_Self,0.0
2323,中環,2021-04-13,0.0,Investment_Trust,0.0
2323,中環,2021-04-13,48000.0,Dealer_self,111223.0
2323,中環,2021-04-13,17000.0,Dealer_Hedging,229000.0
2323,中環,2021-04-14,17539000.0,Foreign_Investor,3250000.0
2323,中環,2021-04-14,0.0,Foreign_Dealer_Self,0.0
2323,中環,2021-04-14,0.0,Investment_Trust,0.0
2323,中環,2021-04-14,75776.0,Dealer_self,94008.0
2323,中環,2021-04-14,532000.0,Dealer_Hedging,0.0
2323,中環,2021-04-15,1816001.0,Foreign_Investor,7043000.0
2323,中環,2021-04-15,0.0,Foreign_Dealer_Self,0.0
2323,中環,2021-04-15,0.0,Investment_Trust,1000.0
2323,中環,2021-04-15,84913.0,Dealer_self,10000.0
2323,中環,2021-04-15,29000.0,Dealer_Hedging,414000.0
2323,中環,2021-04-16,8036000.0,Foreign_Investor,1585000.0
2323,中環,2021-04-16,0.0,Foreign_Dealer_Self,0.0
2323,中環,2021-04-16,0.0,Investment_Trust,1000.0
2323,中環,2021-04-16,16004.0,Dealer_self,65000.0
2323,中環,2021-04-16,52000.0,Dealer_Hedging,20000.0
2323,中環,2021-04-19,6076000.0,Foreign_Investor,3584000.0
2323,中環,2021-04-19,0.0,Foreign_Dealer_Self,0.0
2323,中環,2021-04-19,0.0,Investment_Trust,0.0
2323,中環,2021-04-19,53052.0,Dealer_self,65000.0
2323,中環,2021-04-19,1026000.0,Dealer_Hedging,45000.0
2323,中環,2021-04-20,11801200.0,Foreign_Investor,8173000.0
2323,中環,2021-04-20,0.0,Foreign_Dealer_Self,0.0
2323,中環,2021-04-20,286571.0,Investment_Trust,0.0
2323,中環,2021-04-20,249000.0,Dealer_self,19000.0
2323,中環,2021-04-20,700000.0,Dealer_Hedging,947000.0
2323,中環,2021-04-21,2795000.0,Foreign_Investor,20143100.0
2323,中環,2021-04-21,0.0,Foreign_Dealer_Self,0.0
2323,中環,2021-04-21,24903.0,Investment_Trust,0.0
2323,中環,2021-04-21,105000.0,Dealer_self,251775.0
2323,中環,2021-04-21,69000.0,Dealer_Hedging,693000.0
2323,中環,2021-04-22,8687000.0,Foreign_Investor,4380770.0
2323,中環,2021-04-22,0.0,Foreign_Dealer_Self,0.0
2323,中環,2021-04-22,2000.0,Investment_Trust,0.0
2323,中環,2021-04-22,30589.0,Dealer_self,74548.0
2323,中環,2021-04-22,12000.0,Dealer_Hedging,74000.0
2323,中環,2021-04-23,8435000.0,Foreign_Investor,2969000.0
2323,中環,2021-04-23,0.0,Foreign_Dealer_Self,0.0
2323,中環,2021-04-23,0.0,Investment_Trust,0.0
2323,中環,2021-04-23,24592.0,Dealer_self,41000.0
2323,中環,2021-04-23,217000.0,Dealer_Hedging,0.0
